#C data file created using the SS_writedat function in the R package r4ss
#C should work with SS version: 
#C file write time: 2015-12-01 12:52:07
#
1 #_styr
80 #_endyr
1 #_nseas
12 #_months_per_seas
1 #_spawn_seas
1 #_Nfleet
2 #_Nsurveys
1 #_N_areas
Fishery%Survey%CPUE #_fleetnames
0.5 0.5 0.5 #_surveytiming_in_season
1 1 1 #_area_assignments_for_each_fishery_and_survey
1 #_units of catch:  1=bio; 2=num
0.01 #_se of log(catch) only used for init_eq_catch and for Fmethod 2 and 3
1 #_Ngenders
25 #_Nages
0 #_init_equil_catch_for_each_fishery
100 #_N_lines_of_catch_to_read
 #_Fishery year seas
         0    1    1
         0    2    1
         0    3    1
         0    4    1
         0    5    1
         0    6    1
         0    7    1
         0    8    1
         0    9    1
         0   10    1
         0   11    1
         0   12    1
         0   13    1
         0   14    1
         0   15    1
         0   16    1
         0   17    1
         0   18    1
         0   19    1
         0   20    1
         0   21    1
         0   22    1
         0   23    1
         0   24    1
         0   25    1
 570604000   26    1
 512920000   27    1
 458063000   28    1
 407647000   29    1
 360321000   30    1
 317079000   31    1
 280305000   32    1
 253481000   33    1
 234572000   34    1
 222190000   35    1
 213708000   36    1
 204679000   37    1
 194437000   38    1
 183375000   39    1
 172697000   40    1
 165445000   41    1
 162896000   42    1
 162893000   43    1
 163460000   44    1
 165357000   45    1
 168865000   46    1
 171114000   47    1
 170597000   48    1
 168820000   49    1
 168056000   50    1
 167898000   51    1
 169983000   52    1
 173994000   53    1
 176944000   54    1
 178943000   55    1
 177876000   56    1
 177745000   57    1
 184264000   58    1
 192528000   59    1
 197438000   60    1
 199981000   61    1
 200385000   62    1
 206159000   63    1
 214267000   64    1
 223883000   65    1
 232227000   66    1
 235659000   67    1
 234839000   68    1
 227684000   69    1
 219429000   70    1
 212130000   71    1
 212534000   72    1
 218730000   73    1
 224292000   74    1
 228828000   75    1
 228875000   76    1
 222839000   77    1
 213470000   78    1
 202191000   79    1
 190815000   80    1
         0   81    1
         0   82    1
         0   83    1
         0   84    1
         0   85    1
         0   86    1
         0   87    1
         0   88    1
         0   89    1
         0   90    1
         0   91    1
         0   92    1
         0   93    1
         0   94    1
         0   95    1
         0   96    1
         0   97    1
         0   98    1
         0   99    1
         0  100    1
55 #_N_cpue
 #_Fleet Units Errtype
       1     1       0
       2     1       0
       3     1       0
 #_year seas index        obs se_log
     26    1     2 4572208209    0.1
     27    1     2 4029949741    0.1
     28    1     2 4019533108    0.1
     29    1     2 3151302874    0.1
     30    1     2 3215261936    0.1
     31    1     2 2382818958    0.1
     32    1     2 2276768054    0.1
     33    1     2 1912890051    0.1
     34    1     2 1859224935    0.1
     35    1     2 1548498685    0.1
     36    1     2 1998725027    0.1
     37    1     2 1660996306    0.1
     38    1     2 1584756030    0.1
     39    1     2 1587623519    0.1
     40    1     2 1544597017    0.1
     41    1     2 1392897537    0.1
     42    1     2 1368044523    0.1
     43    1     2 1429821014    0.1
     44    1     2 1192035585    0.1
     45    1     2 1484741990    0.1
     46    1     2 1488216497    0.1
     47    1     2 1261284923    0.1
     48    1     2 1588634871    0.1
     49    1     2 1490704038    0.1
     50    1     2 1402388531    0.1
     51    1     2 1434407813    0.1
     52    1     2 1436401955    0.1
     53    1     2 1314822188    0.1
     54    1     2 1443460002    0.1
     55    1     2 1352252579    0.1
     56    1     2 1494590108    0.1
     57    1     2 1640420948    0.1
     58    1     2 1343537581    0.1
     59    1     2 1308377875    0.1
     60    1     2 1482866335    0.1
     61    1     2 1707560135    0.1
     62    1     2 1832618145    0.1
     63    1     2 1668314489    0.1
     64    1     2 1477569369    0.1
     65    1     2 2060665688    0.1
     66    1     2 1702457223    0.1
     67    1     2 1898390750    0.1
     68    1     2 2152646023    0.1
     69    1     2 2088364507    0.1
     70    1     2 1350901093    0.1
     71    1     2 1733291694    0.1
     72    1     2 1900569425    0.1
     73    1     2 2145050452    0.1
     74    1     2 2138496507    0.1
     75    1     2 2167834565    0.1
     76    1     2 1834401776    0.1
     77    1     2 1747973331    0.1
     78    1     2 1915144648    0.1
     79    1     2 1520124411    0.1
     80    1     2 1557835032    0.1
0 #_N_discard_fleets
#_discard_units (1=same_as_catchunits(bio/num); 2=fraction; 3=numbers)
#_discard_errtype:  >0 for DF of T-dist(read CV below); 0 for normal with CV; -1 for normal with se; -2 for lognormal
0 #_N_discard
0 #_N_meanbodywt
1 #_DF_for_meanbodywt_T-distribution_like
2 # length bin method: 1=use databins; 2=generate from binwidth,min,max below; 3=read vector
1 # binwidth for population size comp
10 # minimum size in the population (lower edge of first bin and size at age 0.00)
200 # maximum size in the population (lower edge of last bin)
-1 #_comp_tail_compression
1e-10 #_add_to_comp
0 #_combine males into females at or below this bin number
45 #_N_lbins
#_lbin_vector
20 23 26 29 32 35 38 41 44 47 50 53 56 59 62 65 68 71 74 77 80 83 86 89 92 95 98 101 104 107 110 113 116 119 122 125 128 131 134 137 140 143 146 149 152
55 #_N_Length_comp_observations
 #_Yr Seas FltSvy Gender Part Nsamp          l20          l23         l26        l29        l32         l35         l38         l41        l44        l47        l50        l53        l56        l59        l62        l65        l68        l71        l74        l77        l80        l83        l86        l89        l92        l95        l98       l101       l104       l107       l110        l113        l116        l119        l122        l125        l128        l131        l134        l137         l140         l143         l146         l149         l152
   26    1      2      0    0  5000 3.816741e-07 0.0005358923 0.010015755 0.02865182 0.02991614 0.011851854 0.005655326 0.008898974 0.01758429 0.02149651 0.02849140 0.02223616 0.02910804 0.03193252 0.04158688 0.03880063 0.03647565 0.03766733 0.04089955 0.03767131 0.03877408 0.04464898 0.04008805 0.03591147 0.03321631 0.03614949 0.03570497 0.02604803 0.02497729 0.02803537 0.02375513 0.020342862 0.019348377 0.016696751 0.017230175 0.016061086 0.016780569 0.012788322 0.010749662 0.007084243 0.0063721890 0.0031499109 0.0015476353 0.0013635383 0.0036990987
   27    1      2      0    0  5000 1.122689e-05 0.0011666237 0.014432947 0.03259639 0.02974950 0.010996533 0.009508459 0.015434601 0.03327362 0.03764057 0.03135012 0.02130418 0.01970538 0.01801545 0.02245622 0.02964626 0.03007805 0.02928561 0.03442142 0.03530740 0.03863720 0.03783748 0.03974968 0.03908334 0.03529823 0.03670584 0.03484742 0.03350031 0.03146878 0.02795506 0.03017936 0.025289446 0.021433330 0.020610138 0.020167142 0.014844294 0.012136671 0.009284855 0.008802670 0.007712451 0.0052431283 0.0058435615 0.0036166343 0.0007381894 0.0026342302
   28    1      2      0    0  5000 6.903945e-12 0.0016144746 0.013141367 0.03703533 0.03034631 0.012969756 0.006788448 0.017746968 0.03194414 0.03742265 0.03832636 0.02535296 0.02345052 0.02429305 0.02451963 0.03219285 0.02549015 0.02186830 0.02345584 0.02652192 0.02903531 0.02879303 0.03579759 0.03826140 0.04002446 0.03718375 0.03381985 0.03477626 0.03613002 0.02974017 0.03058060 0.026460235 0.021945028 0.024989862 0.018838097 0.019418421 0.013232955 0.014351082 0.011826406 0.007332055 0.0044377386 0.0041085422 0.0012096064 0.0013009881 0.0019255285
   29    1      2      0    0  5000 2.401430e-08 0.0004384671 0.009527470 0.02878906 0.02587638 0.009234022 0.007034972 0.015690726 0.03683297 0.04295068 0.04138713 0.03289227 0.02413834 0.02851563 0.02934877 0.03035959 0.02887799 0.02270657 0.02734274 0.02424749 0.02535071 0.02862994 0.03042313 0.03380981 0.03291162 0.03306526 0.03645778 0.03585288 0.03486068 0.03677371 0.03219092 0.029436862 0.026602579 0.022004982 0.023282144 0.017983942 0.013556026 0.008390303 0.008272350 0.007283469 0.0057428426 0.0036064768 0.0020981314 0.0026355925 0.0025865617
   30    1      2      0    0  5000 2.552385e-05 0.0022516533 0.009202765 0.02666505 0.03492886 0.011000512 0.005664980 0.012298675 0.02568151 0.03377256 0.02891224 0.02082044 0.02192639 0.03057645 0.03496148 0.03260820 0.02902747 0.03729210 0.03479563 0.02530335 0.02998050 0.02810698 0.02916465 0.02937299 0.02990351 0.03637755 0.03176447 0.03572495 0.03159902 0.03258197 0.03022798 0.030996592 0.028604449 0.026029065 0.025140788 0.020129650 0.017763325 0.013860818 0.009548925 0.007507430 0.0042431250 0.0051153132 0.0038640422 0.0019138610 0.0027621890
   31    1      2      0    0  5000 2.535667e-07 0.0024161831 0.017005432 0.04063434 0.03837917 0.014786022 0.008616991 0.015313560 0.02518054 0.03972877 0.03600836 0.02344275 0.01782587 0.02229518 0.02533102 0.02755210 0.02828818 0.02774352 0.03154590 0.03297993 0.02812703 0.02875965 0.03011266 0.03043819 0.02994973 0.03301820 0.03106970 0.02869837 0.03272803 0.03372200 0.03086460 0.027097830 0.030194950 0.027753890 0.018633891 0.018084382 0.019106105 0.012144518 0.010070038 0.006900997 0.0049815674 0.0043243403 0.0024099211 0.0026717489 0.0030635906
   32    1      2      0    0  5000 4.383031e-07 0.0014252084 0.022486713 0.06196911 0.05540294 0.020691415 0.009448829 0.019280120 0.02990678 0.04473886 0.04201872 0.02865212 0.02228066 0.02159856 0.02498423 0.02728656 0.02495618 0.02364599 0.02430355 0.02594559 0.02444293 0.02729564 0.02542441 0.02976182 0.02641592 0.02801288 0.02637602 0.02272836 0.02785009 0.02654327 0.02601324 0.026648067 0.027160547 0.018664745 0.024772923 0.018620158 0.014826414 0.011125921 0.010736960 0.007451129 0.0060932120 0.0030699470 0.0029582521 0.0018002545 0.0041843261
   33    1      2      0    0  5000 4.020397e-06 0.0032110270 0.020047756 0.05074806 0.04931576 0.019870863 0.012298180 0.029580872 0.04640737 0.06639530 0.05898721 0.04158419 0.03179779 0.02547424 0.02459600 0.02787264 0.02833575 0.02442976 0.02301330 0.01688748 0.02201249 0.02085171 0.02301556 0.02014597 0.02061045 0.02524530 0.02382463 0.02315899 0.01906949 0.02231114 0.02549055 0.022089283 0.022080595 0.017451992 0.020418266 0.016609182 0.013693660 0.010678520 0.010154292 0.005285266 0.0042067727 0.0045422089 0.0015987535 0.0018835470 0.0027138025
   34    1      2      0    0  5000 9.498052e-05 0.0022492359 0.019764040 0.05555796 0.05296333 0.019057635 0.012535102 0.023528208 0.04096880 0.05780301 0.05548790 0.04281891 0.03636487 0.03740269 0.03472613 0.04134610 0.03537473 0.03115779 0.02375649 0.02331969 0.01979590 0.02351427 0.02077911 0.01859326 0.01951245 0.01902444 0.01528696 0.02006060 0.01958671 0.01726664 0.02012037 0.017693306 0.018413603 0.014631085 0.018957801 0.015262425 0.013259339 0.011116222 0.009403529 0.007428948 0.0039991179 0.0046775714 0.0020686932 0.0016967519 0.0015732993
   35    1      2      0    0  5000 1.620414e-04 0.0025657807 0.019023143 0.04583827 0.04825662 0.015649615 0.012974946 0.023666487 0.04548845 0.06178173 0.05628862 0.04375418 0.03466382 0.03409692 0.03908545 0.03943751 0.03810508 0.03280852 0.03551907 0.03139391 0.02250976 0.02579623 0.02334819 0.02369227 0.01643674 0.02207971 0.02177687 0.01796840 0.01833633 0.01554618 0.01595713 0.016909373 0.016972845 0.015254100 0.013340790 0.009808378 0.010611118 0.007961597 0.006119955 0.005662228 0.0039383938 0.0031331895 0.0024236486 0.0017445254 0.0021118950
   36    1      2      0    0  5000 2.046387e-06 0.0014072035 0.012702490 0.03582625 0.03254615 0.011167657 0.011572181 0.024969997 0.04540388 0.06111597 0.05672627 0.04617833 0.03320798 0.03841170 0.04275268 0.04231968 0.04270432 0.04314989 0.03259287 0.03697551 0.03143984 0.03063302 0.02935988 0.02503826 0.02342806 0.02336030 0.01749644 0.01614876 0.01568230 0.01514268 0.01519653 0.015324973 0.014721381 0.013603257 0.010261605 0.010260120 0.011330719 0.006997069 0.006967880 0.005306655 0.0025854284 0.0023928995 0.0020493912 0.0016172939 0.0019222057
   37    1      2      0    0  5000 1.202215e-07 0.0014486267 0.012865573 0.03388709 0.03586304 0.012564757 0.010654581 0.018358650 0.03813125 0.04066228 0.03971605 0.03719659 0.03363626 0.03440841 0.04516120 0.04779691 0.04504308 0.04518060 0.03529602 0.03455411 0.03896094 0.02973732 0.03506951 0.02648960 0.03077008 0.02723728 0.02550585 0.02424152 0.01629215 0.01663113 0.01529098 0.017664553 0.014053516 0.015641996 0.015313978 0.010862128 0.009443785 0.007323604 0.004992504 0.005822069 0.0035947476 0.0020323590 0.0006339547 0.0014462980 0.0025229553
   38    1      2      0    0  5000 1.341781e-08 0.0014801927 0.014568390 0.03540034 0.03942795 0.017615991 0.009207486 0.018358797 0.03292628 0.04713381 0.04179876 0.03291724 0.02790447 0.02552599 0.03054544 0.03732537 0.04038608 0.04049887 0.03734179 0.03657892 0.03933216 0.04389474 0.03179445 0.03477862 0.02898108 0.02845737 0.03025442 0.02445194 0.02439842 0.02203081 0.01688981 0.017618549 0.013906803 0.012199047 0.013100864 0.010495320 0.009183312 0.008082722 0.006726055 0.004595227 0.0043571408 0.0030439720 0.0012245809 0.0008903010 0.0023700935
   39    1      2      0    0  5000 5.620624e-06 0.0022127436 0.016744072 0.05421376 0.03838992 0.016344547 0.010126088 0.020052629 0.02968573 0.04679705 0.04491213 0.02974522 0.02447655 0.02997356 0.03146481 0.02730616 0.03245696 0.03436545 0.02440439 0.03879476 0.03887321 0.03225321 0.03468154 0.03392947 0.03536231 0.02853582 0.02797674 0.03144576 0.02769393 0.02399937 0.02220815 0.022982756 0.015886570 0.014698975 0.012921305 0.009019918 0.008683122 0.006294448 0.005798746 0.002968061 0.0029451033 0.0020786571 0.0011660413 0.0037566769 0.0013679629
   40    1      2      0    0  5000 1.323618e-04 0.0022741230 0.024264984 0.05408965 0.05594759 0.025344685 0.013292912 0.023807633 0.03982616 0.04765588 0.04530915 0.03787377 0.02496818 0.02807980 0.03149868 0.03498723 0.03402448 0.02816705 0.02697684 0.02651821 0.02823011 0.02975825 0.02562351 0.02202095 0.02763238 0.03271813 0.02675159 0.02669306 0.02964729 0.02418408 0.02031313 0.018956673 0.014717949 0.015296783 0.011985634 0.010218679 0.006122337 0.006568808 0.004475592 0.004050324 0.0031280175 0.0012640081 0.0016543447 0.0009076868 0.0020413060
   41    1      2      0    0  5000 7.902379e-05 0.0036537958 0.028232573 0.06451417 0.06790573 0.025715004 0.009646655 0.029908990 0.04821163 0.05741972 0.05649930 0.03741382 0.03106582 0.02651486 0.02705077 0.03155858 0.02919505 0.02901665 0.02489368 0.02405198 0.02317102 0.02451959 0.02538709 0.02282727 0.02424731 0.02246378 0.02054637 0.02107532 0.02303377 0.02041874 0.02156727 0.020246353 0.015737477 0.011818354 0.009695145 0.010315486 0.007181048 0.006241675 0.003754032 0.005488629 0.0019525918 0.0026630807 0.0013310343 0.0003815825 0.0013881556
   42    1      2      0    0  5000 5.956082e-05 0.0032007451 0.021661071 0.05332303 0.05265055 0.022623171 0.014448232 0.029819391 0.05334878 0.06734902 0.06422207 0.04959065 0.03895414 0.03570032 0.03529463 0.03946684 0.03389783 0.02867263 0.02582042 0.02423215 0.02138600 0.02169288 0.01634130 0.01867906 0.02156247 0.01913736 0.02222192 0.01796953 0.02074581 0.02139350 0.01931220 0.013827864 0.013834960 0.011185436 0.011462724 0.008910032 0.007346695 0.005539952 0.003007555 0.003229069 0.0024569016 0.0017974825 0.0011899304 0.0002639895 0.0011701418
   43    1      2      0    0  5000 4.664373e-07 0.0046100475 0.016717869 0.05095644 0.04652866 0.016410515 0.012551544 0.027944873 0.04867593 0.06038785 0.06230332 0.04660899 0.03921126 0.04174958 0.03948461 0.04334881 0.03488521 0.03681219 0.03725797 0.03175586 0.02753647 0.02300938 0.02079517 0.02026210 0.01643263 0.02024504 0.02245115 0.01713351 0.01451097 0.01479102 0.01905114 0.016104909 0.012704625 0.011268810 0.010559758 0.009472138 0.006645591 0.004900031 0.004768400 0.002800743 0.0019658819 0.0016507639 0.0010825380 0.0010850552 0.0005701729
   44    1      2      0    0  5000 1.092544e-04 0.0020376874 0.020693634 0.05785680 0.04875462 0.020065983 0.014175232 0.021492465 0.04123044 0.05574278 0.05196707 0.04520350 0.03315873 0.03529930 0.04097353 0.04804970 0.04068665 0.03888334 0.03744648 0.03602937 0.03357888 0.02849781 0.03056914 0.02156368 0.02106265 0.02123665 0.01717565 0.01754022 0.01384901 0.01560761 0.01240351 0.010619597 0.015238130 0.010290853 0.010608977 0.007552986 0.008414465 0.004102518 0.003451763 0.002616049 0.0012944826 0.0012471140 0.0007400301 0.0003568767 0.0005247707
   45    1      2      0    0  5000 2.844927e-05 0.0016947440 0.021122296 0.06472076 0.05982630 0.018509484 0.010971457 0.024156189 0.05100008 0.06002371 0.05485404 0.04647533 0.02673064 0.03296810 0.03647752 0.03362228 0.03299419 0.03624408 0.03047913 0.03150985 0.03287428 0.02876104 0.02985799 0.02629181 0.02725957 0.02274902 0.01983922 0.01679575 0.01608993 0.01674484 0.01219929 0.017270558 0.010438261 0.010762421 0.008624993 0.007908432 0.004413503 0.004007504 0.004117093 0.003421095 0.0019942696 0.0016718106 0.0006680443 0.0003316031 0.0004990469
   46    1      2      0    0  5000 1.233193e-04 0.0024260932 0.015938423 0.04207617 0.04517833 0.018421706 0.012142072 0.027117454 0.05643072 0.07244639 0.05716676 0.04525232 0.03718220 0.02986650 0.03878628 0.04131497 0.04800776 0.03044172 0.03026523 0.02999110 0.03019407 0.02786459 0.02671411 0.02806649 0.02304597 0.02324046 0.02217045 0.02261986 0.01517594 0.01948056 0.01433376 0.013212920 0.009186519 0.009895530 0.007673642 0.006792637 0.004767969 0.004238434 0.002804762 0.002453613 0.0014890756 0.0024104347 0.0006707156 0.0003818796 0.0005401228
   47    1      2      0    0  5000 4.176871e-09 0.0017082342 0.013486264 0.04133790 0.03589527 0.014664456 0.011128290 0.023562381 0.04299123 0.05237801 0.05666580 0.04159753 0.03700223 0.04073808 0.04933490 0.04663666 0.03977173 0.04351181 0.03753186 0.03239908 0.02828205 0.02825579 0.03772653 0.03029478 0.02612800 0.01966280 0.02372221 0.02067725 0.02002251 0.01803606 0.01424815 0.015374652 0.011830474 0.009342182 0.007970878 0.006347225 0.005978915 0.004358188 0.002936400 0.001472641 0.0019659214 0.0014677837 0.0006481767 0.0002969489 0.0006117159
   48    1      2      0    0  5000 7.626210e-06 0.0015422593 0.018076428 0.04421617 0.04543649 0.022121213 0.008328419 0.019173764 0.03935826 0.04753981 0.04964162 0.03330245 0.03110636 0.03386162 0.03801788 0.04783042 0.03850607 0.03426241 0.03652553 0.04069227 0.03609091 0.03489689 0.03096655 0.02910639 0.02887439 0.02969119 0.02513247 0.02425138 0.01949932 0.02106283 0.01552873 0.015960241 0.009587052 0.011396803 0.009727198 0.006616318 0.006748402 0.004755406 0.004405677 0.002404431 0.0015279629 0.0010377342 0.0005591698 0.0004541672 0.0001713027
   49    1      2      0    0  5000 2.833948e-05 0.0030045110 0.021231818 0.06085594 0.05420169 0.025857570 0.011033889 0.022715411 0.04301391 0.05103104 0.05363870 0.03331646 0.02987227 0.02760220 0.02594221 0.03108083 0.03414289 0.03700666 0.03505671 0.02998199 0.03544822 0.03256055 0.03390881 0.03475061 0.02894978 0.02750987 0.02173649 0.02611836 0.02163198 0.01784760 0.01724028 0.013570408 0.012819764 0.012516814 0.008371160 0.007827125 0.004595562 0.004903162 0.001290365 0.001543037 0.0007119503 0.0013994309 0.0008588908 0.0006386662 0.0006360587
   50    1      2      0    0  5000 9.536675e-09 0.0024721206 0.022405538 0.05418409 0.05030470 0.019426849 0.011297669 0.026240087 0.04677460 0.06744511 0.05498277 0.05113248 0.03006885 0.03402621 0.03028793 0.03104075 0.03468077 0.02712218 0.02926981 0.02722810 0.02652767 0.02737033 0.02545781 0.02886893 0.02871364 0.02345947 0.02640239 0.02420212 0.02124992 0.01999187 0.01822834 0.015354326 0.014797234 0.010504213 0.009080351 0.008124299 0.007656894 0.005105206 0.002390406 0.001444865 0.0018063671 0.0004464207 0.0014540135 0.0004394534 0.0005328684
   51    1      2      0    0  5000 1.000383e-04 0.0027194833 0.024544201 0.05724502 0.05786223 0.022616520 0.012187756 0.027250922 0.03952562 0.05420708 0.06176643 0.03966412 0.03127640 0.03178266 0.03917120 0.03547122 0.04120611 0.03216776 0.03285196 0.02777720 0.02823111 0.02453355 0.02969182 0.02287212 0.02143956 0.02484933 0.02037756 0.02467640 0.01925556 0.01890320 0.01827196 0.016645375 0.012614163 0.008376916 0.011212085 0.007135285 0.005709780 0.004406059 0.002605640 0.002353164 0.0014538400 0.0013298011 0.0006946367 0.0004048005 0.0005623518
   52    1      2      0    0  5000 6.385414e-06 0.0035680581 0.022648902 0.06323372 0.06433782 0.023279366 0.011952433 0.029506675 0.04383240 0.06323579 0.06465343 0.04715361 0.03268504 0.02849738 0.03497901 0.04077798 0.03543335 0.03571791 0.02837088 0.03202379 0.02630199 0.02545748 0.02407630 0.01966313 0.02039677 0.01891807 0.01869938 0.02207492 0.01687816 0.01665173 0.01560162 0.013847196 0.011520974 0.010599859 0.007281732 0.006316234 0.003822105 0.006315370 0.002853322 0.002478244 0.0007306620 0.0006646335 0.0006798126 0.0007135897 0.0015627748
   53    1      2      0    0  5000 5.828110e-07 0.0026964537 0.013347301 0.04637353 0.04457525 0.016881641 0.013491944 0.026838879 0.05108467 0.06353890 0.06633750 0.04883019 0.03766573 0.03879562 0.04249800 0.04128218 0.03622737 0.03895434 0.02845683 0.03083909 0.02769612 0.03317171 0.02610733 0.02436483 0.02378935 0.01803933 0.01801270 0.02075254 0.01954987 0.01596350 0.01395209 0.014192344 0.010568399 0.010171280 0.006682652 0.007611214 0.005183335 0.005556164 0.004495824 0.001358293 0.0018034443 0.0009300068 0.0006342359 0.0001361930 0.0005612602
   54    1      2      0    0  5000 1.894232e-04 0.0009818728 0.017802830 0.04644360 0.05227226 0.017455718 0.009595257 0.026617108 0.04079231 0.05206611 0.05011717 0.03463946 0.03711359 0.04223593 0.03834801 0.04407398 0.04504577 0.04183834 0.04388426 0.03445169 0.03007313 0.03093607 0.02691150 0.02549097 0.02505427 0.02568009 0.02224811 0.01851007 0.01934165 0.01219020 0.01505014 0.013775086 0.012376417 0.008934231 0.008506105 0.008190010 0.007709900 0.003789428 0.002832870 0.002555303 0.0008140808 0.0011701281 0.0009564554 0.0002750992 0.0006639825
   55    1      2      0    0  5000 4.994801e-06 0.0013080771 0.011784415 0.03650891 0.03772701 0.016030917 0.011486742 0.027842447 0.04148262 0.05948093 0.05426824 0.04000570 0.03039982 0.03372990 0.04015841 0.03312504 0.03885282 0.03866152 0.04489710 0.03701857 0.03863397 0.03350712 0.03312385 0.03076284 0.03265688 0.02434890 0.02367411 0.01838471 0.02014217 0.01888439 0.01405038 0.016626279 0.014269334 0.008817157 0.008436995 0.008147778 0.006340524 0.003397978 0.003409375 0.002454450 0.0022009280 0.0013733982 0.0007900974 0.0001637012 0.0006284851
   56    1      2      0    0  5000 1.313267e-04 0.0023101030 0.026721266 0.05919863 0.06048853 0.020983688 0.009062026 0.019691365 0.03255514 0.04545132 0.03597184 0.03203611 0.03326487 0.03463268 0.03871458 0.03966434 0.03967348 0.03404905 0.03435082 0.03277416 0.03341900 0.03213802 0.03410914 0.03253176 0.02978389 0.02491395 0.02266993 0.02342173 0.02124400 0.01768286 0.01604769 0.016438212 0.012902012 0.011302690 0.008325674 0.008152310 0.008504271 0.005392995 0.003335074 0.002032711 0.0014745161 0.0009817025 0.0003930644 0.0003302215 0.0007472354
   57    1      2      0    0  5000 1.457640e-04 0.0035941941 0.031343209 0.08706155 0.08084025 0.029647008 0.013625494 0.027342972 0.04840703 0.05110064 0.05720368 0.03706469 0.02559499 0.02445547 0.02177275 0.02968757 0.03154032 0.02854797 0.03027006 0.02901133 0.03147485 0.02816737 0.02520781 0.02320083 0.02534597 0.02573848 0.02169011 0.02341356 0.01974950 0.01647917 0.01500949 0.009854338 0.008693754 0.008060339 0.005927231 0.006217298 0.005893191 0.003332108 0.002766785 0.001202998 0.0019483116 0.0010521019 0.0002825128 0.0004020357 0.0006329028
   58    1      2      0    0  5000 9.237574e-05 0.0017905896 0.019169143 0.05992838 0.05109008 0.018909519 0.016410124 0.036090041 0.06280426 0.08004903 0.07792089 0.05543643 0.03237254 0.03059853 0.03512293 0.03793639 0.02940521 0.02435765 0.02284016 0.01834852 0.02215309 0.02464476 0.02337452 0.02406085 0.02136106 0.02266436 0.01704310 0.01897416 0.01722116 0.01657157 0.01386939 0.012590313 0.013177165 0.009776574 0.008052787 0.007864459 0.003040575 0.003360755 0.002799521 0.002461736 0.0016836701 0.0014233070 0.0005597875 0.0002272579 0.0003712803
   59    1      2      0    0  5000 1.604610e-07 0.0010021945 0.015400372 0.04149583 0.04054221 0.014722665 0.011396283 0.028257105 0.05090592 0.06594474 0.06696401 0.05294573 0.04452420 0.04546854 0.05530153 0.05097331 0.04367259 0.03415167 0.02952345 0.02973375 0.02013308 0.02166501 0.01976467 0.02345187 0.01969988 0.01953568 0.01930679 0.02209194 0.01859136 0.01625698 0.01419025 0.014420806 0.012013017 0.007129236 0.009793167 0.004537202 0.004300916 0.003880730 0.001827574 0.001607279 0.0013696796 0.0007450589 0.0002959269 0.0001489165 0.0003167034
   60    1      2      0    0  5000 6.053355e-07 0.0033629537 0.019063131 0.04575813 0.04623602 0.020336070 0.009119512 0.017302958 0.03818006 0.04544882 0.04812086 0.03548940 0.03068730 0.03667577 0.04221097 0.04870357 0.05318514 0.04893198 0.05005960 0.03622536 0.03670695 0.03147971 0.03018852 0.02813279 0.02563787 0.02573044 0.02246944 0.01641503 0.01750385 0.01516535 0.01433711 0.012956993 0.009876671 0.007933676 0.007231947 0.007719862 0.003555941 0.003603160 0.003672711 0.002318125 0.0009146845 0.0005810943 0.0001619463 0.0001580123 0.0004499231
   61    1      2      0    0  5000 1.954085e-06 0.0013106901 0.017406373 0.04228562 0.04415468 0.017979108 0.010161965 0.023532805 0.04198576 0.05740937 0.04773363 0.03951417 0.02735527 0.03164704 0.03083638 0.03585764 0.03742459 0.03592757 0.04483253 0.04256865 0.03682872 0.03796405 0.03504854 0.03201606 0.02748313 0.03296140 0.02636698 0.01740196 0.01758256 0.01828036 0.01434115 0.013960250 0.012239871 0.009549908 0.011126609 0.009154119 0.006134066 0.003594449 0.002879876 0.002051552 0.0006289377 0.0010021208 0.0002819678 0.0003901458 0.0008054252
   62    1      2      0    0  5000 1.104406e-03 0.0025402318 0.030042941 0.07793077 0.07329222 0.026617169 0.012797982 0.021577513 0.03385021 0.05249550 0.04222980 0.03827624 0.02929189 0.03069519 0.03379120 0.03415353 0.03074258 0.03088783 0.02776794 0.02987384 0.03361491 0.03065861 0.02966839 0.02892791 0.03002409 0.02805895 0.02376321 0.02259167 0.01808831 0.01667598 0.01310386 0.013362792 0.009475289 0.007545949 0.008917858 0.006819666 0.004561977 0.004366691 0.002091610 0.001767168 0.0016570708 0.0018595964 0.0006569862 0.0008692972 0.0009131928
   63    1      2      0    0  5000 3.231439e-05 0.0040375432 0.026697470 0.06144948 0.05608986 0.022436836 0.013284675 0.037457144 0.06246121 0.07585354 0.07142531 0.05018083 0.03492537 0.02788371 0.02833983 0.02600060 0.02841559 0.02577069 0.02414578 0.02345704 0.02595703 0.02401415 0.02060261 0.02432858 0.02091143 0.02088525 0.02376281 0.02071368 0.01947830 0.01623593 0.01839873 0.013479581 0.009478152 0.009388319 0.008817307 0.004655924 0.005367577 0.003685469 0.003634557 0.002828063 0.0012944153 0.0005991335 0.0004307290 0.0004116445 0.0002958253
   64    1      2      0    0  5000 2.194167e-05 0.0029765269 0.025128364 0.05942230 0.05463244 0.027085756 0.011387569 0.027083873 0.04711146 0.06882892 0.05139781 0.04377307 0.04045677 0.04017853 0.04869714 0.04923282 0.04229515 0.03136917 0.02841371 0.01987108 0.02211255 0.02263442 0.02373975 0.01978732 0.02532424 0.02182607 0.01824288 0.01766408 0.01696239 0.01824312 0.01376942 0.009293281 0.009596139 0.010468764 0.008336487 0.004767858 0.004876775 0.003771515 0.002464108 0.001458750 0.0020406161 0.0011747846 0.0005224448 0.0012598370 0.0002979669
   65    1      2      0    0  5000 4.953974e-05 0.0021221410 0.019620190 0.05083042 0.04582061 0.021256253 0.011073534 0.023397481 0.04877780 0.06340208 0.06001446 0.04443259 0.03551763 0.03223644 0.04309566 0.04326593 0.04704084 0.03876888 0.03520870 0.03732424 0.03115010 0.02762272 0.02550502 0.02474411 0.02542377 0.02089409 0.01674518 0.01533680 0.01546970 0.01241421 0.01550826 0.014033479 0.011538270 0.010491857 0.008279393 0.006656826 0.004488290 0.002591526 0.002470932 0.001813078 0.0013626399 0.0004154300 0.0010862274 0.0002719646 0.0004307175
   66    1      2      0    0  5000 7.797707e-05 0.0023714023 0.016471033 0.04182747 0.03415115 0.015589658 0.014185841 0.024479700 0.04687225 0.05929901 0.05153888 0.04925939 0.03604051 0.03961986 0.04223786 0.04678336 0.04892464 0.04288148 0.04007504 0.03211962 0.03523684 0.03175635 0.02891897 0.02521390 0.02252712 0.02111363 0.02241175 0.01839799 0.01482434 0.01645560 0.01355613 0.010110551 0.011603225 0.008748616 0.006949900 0.006964438 0.006188727 0.003379585 0.004317469 0.002702038 0.0013719334 0.0008817539 0.0009634837 0.0001024495 0.0004970836
   67    1      2      0    0  5000 4.284898e-06 0.0017999518 0.016431064 0.04359043 0.04005086 0.016839820 0.008778812 0.020153723 0.03580760 0.05316488 0.05284817 0.03370802 0.03378822 0.03664519 0.04089510 0.04677441 0.04180368 0.03990690 0.04376518 0.03901811 0.03768187 0.03536502 0.03731963 0.02886221 0.02678898 0.02823912 0.02365403 0.02197308 0.01774718 0.01577158 0.01661855 0.012286695 0.011097462 0.009617979 0.007571792 0.005381060 0.007244631 0.002696976 0.003382707 0.002092677 0.0008670123 0.0007232811 0.0004742777 0.0000728655 0.0006949230
   68    1      2      0    0  5000 2.225371e-06 0.0015115623 0.010010285 0.03259904 0.02605877 0.010949922 0.010407254 0.018568834 0.03670764 0.05575408 0.04884850 0.04327157 0.03389306 0.03609370 0.04092350 0.03340565 0.03588073 0.03419161 0.03909861 0.03713832 0.04050987 0.04490370 0.03640056 0.03224906 0.03485155 0.02900494 0.03056853 0.02826237 0.02132838 0.02215702 0.01689363 0.017983543 0.011036362 0.008875302 0.010263834 0.008147443 0.005297094 0.004531123 0.003457807 0.002643775 0.0020376121 0.0023573397 0.0003871150 0.0003324785 0.0002046936
   69    1      2      0    0  5000 2.446814e-05 0.0019114755 0.018877264 0.05136769 0.04581091 0.017148347 0.007203105 0.014209701 0.02959082 0.03578590 0.03328136 0.03229549 0.02505931 0.03028767 0.04167155 0.03978562 0.03584059 0.03776876 0.03756824 0.03164032 0.03765783 0.03661831 0.03399172 0.03430175 0.03506741 0.03062494 0.03102721 0.03175414 0.02816974 0.02429989 0.02101772 0.018896035 0.015532030 0.013476254 0.009490661 0.009495067 0.006917853 0.004014818 0.003794169 0.002785159 0.0018174992 0.0007186906 0.0007200843 0.0003015731 0.0003808664
   70    1      2      0    0  5000 4.570382e-07 0.0020757292 0.022264390 0.05144202 0.04860130 0.019545200 0.011889819 0.024887610 0.03634360 0.05485887 0.05238122 0.04002079 0.02578845 0.01803353 0.02548135 0.02830308 0.02889897 0.03106764 0.02877580 0.03206081 0.02895995 0.02995590 0.03918153 0.03009654 0.02849733 0.03775905 0.03176552 0.02496356 0.02757911 0.02440896 0.02164837 0.019194589 0.016899190 0.012585448 0.009621604 0.009261421 0.007071247 0.006084010 0.004192969 0.003322571 0.0010915807 0.0006788176 0.0013392119 0.0002060455 0.0009148483
   71    1      2      0    0  5000 1.476092e-07 0.0035788754 0.030644633 0.08041420 0.07071047 0.029412752 0.010790647 0.020602085 0.03717581 0.05549295 0.05253810 0.03272064 0.03066583 0.02654302 0.03667627 0.02927710 0.02962055 0.02624164 0.01927782 0.02621786 0.02209150 0.02375504 0.02608222 0.02903570 0.02635404 0.02248889 0.02287899 0.02238616 0.02407415 0.02407001 0.01988521 0.015513492 0.017634865 0.011428975 0.009987915 0.010618292 0.007512065 0.005021532 0.003788855 0.002972902 0.0017149602 0.0005961658 0.0006316893 0.0002008150 0.0006741830
   72    1      2      0    0  5000 2.939343e-05 0.0058939911 0.024584570 0.06547735 0.06975108 0.023385404 0.013715332 0.031783632 0.06289052 0.07126328 0.07205694 0.04717822 0.02822124 0.03098723 0.03059902 0.03854374 0.02716799 0.02599286 0.02765662 0.01991324 0.01851660 0.02192681 0.02063989 0.01988586 0.01571579 0.01970306 0.01689926 0.01992954 0.02333694 0.01781018 0.01654468 0.014321772 0.013087475 0.010248358 0.007189258 0.007546719 0.005344471 0.004547934 0.003844023 0.001891976 0.0007090853 0.0017847697 0.0001597461 0.0004990423 0.0008251156
   73    1      2      0    0  5000 1.598705e-06 0.0026042142 0.017713648 0.04431484 0.04393003 0.017924760 0.011278196 0.029696918 0.06010189 0.07044760 0.06654414 0.04788718 0.03759302 0.03903226 0.04587777 0.04684004 0.04166006 0.03935510 0.02865961 0.02608264 0.02104982 0.02194458 0.02241313 0.02153486 0.01893739 0.01541510 0.01783700 0.01618775 0.01634168 0.01614544 0.01424452 0.013885712 0.012008093 0.012745430 0.009855189 0.008899381 0.007034386 0.005175958 0.002062554 0.002638368 0.0022901122 0.0021060531 0.0008196556 0.0004588858 0.0004234198
   74    1      2      0    0  5000 3.301970e-04 0.0031587618 0.020750610 0.05599387 0.05214212 0.019253650 0.010350332 0.021379598 0.03800476 0.04859361 0.05017455 0.04188576 0.03502129 0.03666950 0.04571741 0.04970496 0.04650213 0.04563343 0.04042746 0.03782468 0.03664571 0.02956186 0.02821356 0.02255960 0.01543737 0.01968537 0.01994119 0.01189060 0.01585822 0.01287374 0.01336956 0.010458436 0.012596334 0.009375141 0.009406591 0.005695360 0.005702125 0.007024757 0.004719585 0.004520319 0.0010929436 0.0010426643 0.0009419428 0.0009520784 0.0009162669
   75    1      2      0    0  5000 2.420617e-08 0.0022861505 0.011529495 0.03740967 0.03748492 0.014473547 0.007907274 0.027327325 0.04359785 0.05676046 0.05186539 0.04483549 0.03882322 0.03417111 0.03522802 0.03993076 0.03842830 0.04086327 0.03916211 0.04164391 0.04224071 0.04077963 0.03308233 0.03579600 0.02636690 0.02471481 0.02034644 0.01690748 0.01487425 0.01661926 0.01200008 0.015223886 0.011332376 0.009455760 0.009353808 0.006406698 0.006837024 0.004560333 0.003409715 0.001063639 0.0021790650 0.0010920333 0.0006699295 0.0003844893 0.0005750699
   76    1      2      0    0  5000 6.735790e-07 0.0012952547 0.009327446 0.02981000 0.03203177 0.010061655 0.007812602 0.021496802 0.03754529 0.05037209 0.05187833 0.03443717 0.03315921 0.04044131 0.04066941 0.04441612 0.04189870 0.03833342 0.03416868 0.03926778 0.04008069 0.03645019 0.03714586 0.04132656 0.03379757 0.03628628 0.02674105 0.02481561 0.01824560 0.01817018 0.01455133 0.013244013 0.010389468 0.010408731 0.007716716 0.008423601 0.008764331 0.004470061 0.004030138 0.001889969 0.0025514174 0.0004772648 0.0006099422 0.0001495862 0.0008401556
   77    1      2      0    0  5000 6.386272e-06 0.0018101285 0.016892872 0.03800231 0.03775352 0.016546047 0.007120410 0.016054272 0.02579907 0.03747066 0.03401587 0.03417060 0.02638293 0.03448725 0.03604545 0.04127045 0.03932001 0.03924356 0.03927856 0.03500749 0.04171120 0.03626874 0.03861870 0.03220745 0.03588239 0.03543553 0.03312151 0.03262644 0.02590705 0.02734711 0.02305540 0.017578031 0.013239413 0.010160485 0.007638399 0.009940980 0.007727678 0.004351709 0.004261012 0.002524722 0.0009646063 0.0008655624 0.0008264460 0.0007078834 0.0003536807
   78    1      2      0    0  5000 5.516557e-08 0.0010302373 0.016412206 0.03728492 0.03805180 0.013994028 0.007699841 0.018752231 0.03843862 0.04606415 0.04071328 0.03683805 0.02614330 0.02459606 0.03003521 0.03230006 0.02763833 0.03119473 0.03272686 0.03493858 0.03576437 0.03768455 0.03352951 0.03422540 0.03997054 0.03458007 0.03122664 0.03810697 0.03050857 0.02437095 0.02513199 0.021064037 0.018380264 0.012620720 0.009916725 0.011139271 0.006548210 0.007120127 0.003009325 0.003339343 0.0029411240 0.0014754077 0.0010557891 0.0005658864 0.0008716557
   79    1      2      0    0  5000 4.858138e-06 0.0030632685 0.018931453 0.04157396 0.04208074 0.014344975 0.010048967 0.020943364 0.03720163 0.04945774 0.04344137 0.03591914 0.02619309 0.03273920 0.03011470 0.03141712 0.03134985 0.02624452 0.02861675 0.03053196 0.03443159 0.02942333 0.02558190 0.03000846 0.03165651 0.03665079 0.03298491 0.03310550 0.02485784 0.02992618 0.02554513 0.020644719 0.020711134 0.016877187 0.013283925 0.011801093 0.008942835 0.005833592 0.004814679 0.003203053 0.0023908516 0.0007552410 0.0010103781 0.0005102036 0.0008302983
   80    1      2      0    0  5000 2.201895e-06 0.0029065677 0.019537146 0.04566470 0.04556761 0.017253339 0.010498945 0.022867141 0.04162804 0.05023711 0.05014170 0.03368036 0.03034126 0.02800266 0.03233154 0.03283296 0.03261303 0.02944588 0.02759337 0.02656859 0.02290612 0.02773590 0.02923472 0.02453864 0.02806593 0.03054693 0.03037924 0.03123020 0.03082732 0.02997383 0.02157386 0.023758463 0.015767654 0.020032856 0.015511595 0.008992031 0.006687072 0.006663334 0.005316829 0.003200253 0.0020377507 0.0022440997 0.0009222405 0.0009265115 0.0012124649
25 #_N_agebins
#_agebin_vector
1 2 3 4 5 6 7 8 9 10 11 12 13 14 15 16 17 18 19 20 21 22 23 24 25
1 #_N_ageerror_definitions
 #_age0   age1   age2   age3   age4   age5   age6   age7   age8   age9  age10  age11  age12  age13  age14  age15  age16  age17  age18  age19  age20  age21  age22  age23  age24  age25
 -1.000 -1.000 -1.000 -1.000 -1.000 -1.000 -1.000 -1.000 -1.000 -1.000 -1.000 -1.000 -1.000 -1.000 -1.000 -1.000 -1.000 -1.000 -1.000 -1.000 -1.000 -1.000 -1.000 -1.000 -1.000 -1.000
  0.001  0.001  0.001  0.001  0.001  0.001  0.001  0.001  0.001  0.001  0.001  0.001  0.001  0.001  0.001  0.001  0.001  0.001  0.001  0.001  0.001  0.001  0.001  0.001  0.001  0.001
55 #_N_agecomp
3 #_Lbin_method: 1=poplenbins; 2=datalenbins; 3=lengths
-1 #_combine males into females at or below this bin number
 #_Yr Seas FltSvy Gender Part Ageerr Lbin_lo Lbin_hi Nsamp         a1        a2         a3         a4         a5         a6         a7         a8         a9         a10         a11         a12         a13         a14         a15          a16          a17          a18          a19          a20          a21          a22          a23          a24          a25
   26    1      2      0    0      1      -1      -1  5000 0.08430533 0.1023887 0.16468317 0.15850188 0.11578813 0.08189438 0.06420732 0.04402428 0.02645154 0.024942667 0.018204582 0.011726416 0.015475389 0.019629595 0.017484465 0.0096161504 0.0091271362 0.0063576631 0.0044519442 4.046723e-03 2.712025e-03 1.937860e-03 1.271127e-03 7.874015e-04 9.984093e-03
   27    1      2      0    0      1      -1      -1  5000 0.08579045 0.1523307 0.08616036 0.13583562 0.13045876 0.09812918 0.07226694 0.05217186 0.04187841 0.024260078 0.017819331 0.014601775 0.008015899 0.015392456 0.012862247 0.0127540818 0.0070421668 0.0078780966 0.0046452784 3.245961e-03 4.287107e-03 3.343188e-03 2.759656e-03 1.377494e-03 4.692942e-03
   28    1      2      0    0      1      -1      -1  5000 0.09870796 0.1544610 0.11956716 0.07731987 0.11289042 0.10344682 0.07942634 0.05930574 0.04475281 0.026860727 0.019078786 0.018136239 0.015822047 0.006809354 0.010172445 0.0104505563 0.0109615367 0.0057300900 0.0052534960 6.378965e-03 1.937051e-03 2.714091e-03 2.684433e-03 1.619105e-03 5.512926e-03
   29    1      2      0    0      1      -1      -1  5000 0.07069731 0.1736327 0.13427882 0.09550691 0.05583057 0.09719681 0.08477207 0.07200150 0.05159577 0.040192887 0.027411135 0.018280611 0.013579366 0.009723106 0.005563830 0.0079535191 0.0103817342 0.0072901671 0.0040458868 4.201795e-03 4.038268e-03 1.801668e-03 1.734719e-03 2.104269e-03 6.184565e-03
   30    1      2      0    0      1      -1      -1  5000 0.07489286 0.1349804 0.13785117 0.11329597 0.09064356 0.05513755 0.07808641 0.07325695 0.06190931 0.042942087 0.031339064 0.018936182 0.016790302 0.011078241 0.008540414 0.0037116070 0.0083503383 0.0078140791 0.0082808649 4.678654e-03 4.501066e-03 2.816940e-03 2.218784e-03 1.104736e-03 6.842460e-03
   31    1      2      0    0      1      -1      -1  5000 0.10712237 0.1406725 0.11486404 0.11736234 0.08779983 0.06814336 0.04373694 0.06376736 0.05975974 0.046501034 0.037234377 0.025596879 0.017532039 0.010001399 0.010438523 0.0065858093 0.0049056538 0.0069595044 0.0068056438 5.608184e-03 2.985269e-03 3.201298e-03 3.226771e-03 1.209789e-03 7.979337e-03
   32    1      2      0    0      1      -1      -1  5000 0.16514108 0.1797310 0.10665842 0.08299234 0.08790657 0.07234709 0.04848495 0.02648693 0.04950301 0.046686675 0.034740944 0.020027889 0.017986318 0.012853003 0.008024590 0.0068888506 0.0047161547 0.0027510034 0.0039278704 5.593313e-03 4.304795e-03 2.594795e-03 2.500487e-03 2.128641e-03 5.023248e-03
   33    1      2      0    0      1      -1      -1  5000 0.14198518 0.2610841 0.13227123 0.06669942 0.05916310 0.06347590 0.05138781 0.03442145 0.02389380 0.031994806 0.031120538 0.024312652 0.017005150 0.016182102 0.009521698 0.0051751670 0.0050610639 0.0058669688 0.0015173095 2.840355e-03 3.046850e-03 3.627973e-03 1.452324e-03 1.375185e-03 5.517825e-03
   34    1      2      0    0      1      -1      -1  5000 0.15515900 0.2323332 0.17848712 0.10264782 0.05954183 0.04161656 0.04113818 0.03220825 0.02126384 0.016277538 0.023770343 0.021809168 0.019011828 0.013069478 0.010634498 0.0067704105 0.0037011732 0.0026731081 0.0041175507 1.385474e-03 3.604715e-03 1.806229e-03 1.363332e-03 8.348117e-04 4.774546e-03
   35    1      2      0    0      1      -1      -1  5000 0.13438839 0.2466014 0.17031122 0.13639576 0.07096874 0.04387687 0.03080441 0.02949612 0.02477314 0.019445971 0.012168272 0.014311142 0.016308472 0.012140181 0.008587095 0.0062602784 0.0048986819 0.0027714650 0.0012400505 2.402651e-03 1.064050e-03 1.508019e-03 1.011178e-03 1.937585e-03 6.328864e-03
   36    1      2      0    0      1      -1      -1  5000 0.09855249 0.2361959 0.19885209 0.13111788 0.10396201 0.05335157 0.02424109 0.02227520 0.02605971 0.018939252 0.016813312 0.006560665 0.013020504 0.011173564 0.008366482 0.0069637659 0.0062512402 0.0046640739 0.0021758735 1.124155e-03 2.097911e-03 7.902587e-04 1.147563e-03 1.519055e-03 3.784394e-03
   37    1      2      0    0      1      -1      -1  5000 0.09962262 0.1834364 0.18841898 0.14722692 0.11096404 0.08452970 0.03971062 0.02520022 0.01781635 0.019110943 0.015535019 0.012791445 0.008200330 0.008855990 0.009511230 0.0058620369 0.0046982273 0.0057071318 0.0028100261 1.606247e-03 6.156468e-04 9.440451e-04 1.275213e-03 9.718928e-04 4.578777e-03
   38    1      2      0    0      1      -1      -1  5000 0.10951319 0.1818931 0.13944262 0.14673363 0.12269132 0.08653489 0.06993774 0.03353147 0.01776301 0.012995815 0.013697183 0.010706222 0.009340586 0.003752686 0.008659460 0.0065868450 0.0055586225 0.0061884721 0.0028987499 3.066409e-03 1.274588e-03 8.594366e-04 1.716064e-03 7.363135e-04 3.921588e-03
   39    1      2      0    0      1      -1      -1  5000 0.12075144 0.1965024 0.13038401 0.10883933 0.11014260 0.09307437 0.06911843 0.05200078 0.02629419 0.015997158 0.011289487 0.015048140 0.008850702 0.007383485 0.002630945 0.0076975633 0.0067991004 0.0044160591 0.0032003540 1.417721e-03 1.658633e-03 9.819315e-04 3.596152e-04 7.693553e-04 4.392179e-03
   40    1      2      0    0      1      -1      -1  5000 0.16559270 0.1933018 0.13553326 0.10440118 0.08284968 0.09088850 0.06483434 0.05168922 0.03520576 0.015474935 0.009924010 0.007749326 0.007925632 0.006009994 0.005595873 0.0018127791 0.0052953119 0.0033270822 0.0037948992 1.569544e-03 1.868069e-03 5.072864e-04 8.088160e-04 3.121332e-04 3.727834e-03
   41    1      2      0    0      1      -1      -1  5000 0.18065393 0.2700336 0.13911699 0.08841314 0.06600575 0.05446679 0.05430556 0.03964402 0.02876596 0.023892759 0.011160962 0.006164250 0.004108868 0.006361962 0.003137191 0.0047504840 0.0031151634 0.0035360678 0.0032614430 1.635731e-03 1.242684e-03 1.538360e-03 4.729521e-04 7.072414e-04 3.508104e-03
   42    1      2      0    0      1      -1      -1  5000 0.15756052 0.2788021 0.17783711 0.09495358 0.06605376 0.04382975 0.03310038 0.03930724 0.03096545 0.019623176 0.016980521 0.010783776 0.004741381 0.003219424 0.003856717 0.0040827109 0.0029084808 0.0011826997 0.0020664968 2.365764e-03 1.684521e-03 5.278645e-04 4.576072e-04 8.198472e-04 2.289132e-03
   43    1      2      0    0      1      -1      -1  5000 0.14231857 0.2515875 0.21507066 0.12395427 0.06239445 0.04462637 0.03184341 0.02341439 0.02772754 0.019049769 0.017976195 0.012167726 0.004696089 0.004796665 0.001801329 0.0036350102 0.0027444658 0.0010767292 0.0008609075 1.060071e-03 1.197530e-03 1.245643e-03 4.264078e-04 3.243735e-04 4.003957e-03
   44    1      2      0    0      1      -1      -1  5000 0.15001134 0.2257940 0.18354006 0.14632720 0.08655928 0.04819866 0.03378195 0.02219421 0.01978554 0.019013099 0.018065507 0.012264070 0.010398828 0.005868972 0.001633274 0.0023739124 0.0031201862 0.0029468761 0.0011698280 4.537963e-04 1.446360e-03 1.886564e-03 1.383637e-03 5.703223e-04 1.212522e-03
   45    1      2      0    0      1      -1      -1  5000 0.16689053 0.2578119 0.15142202 0.12063118 0.10544220 0.06324797 0.03222144 0.01935277 0.01992979 0.012112359 0.013948257 0.010163301 0.008290898 0.004789185 0.002378235 0.0023536273 0.0008268651 0.0020282084 0.0008423991 1.061251e-03 7.130108e-04 3.910305e-04 5.201976e-04 4.775392e-04 2.153853e-03
   46    1      2      0    0      1      -1      -1  5000 0.12714525 0.2681176 0.18104340 0.11251235 0.09271358 0.07140679 0.04547511 0.02642955 0.01579773 0.012202980 0.011083412 0.010252708 0.007586857 0.003990194 0.003067662 0.0015259411 0.0014655455 0.0007835521 0.0009995500 4.418413e-04 7.490272e-04 1.393099e-03 6.408581e-04 7.199234e-04 2.455540e-03
   47    1      2      0    0      1      -1      -1  5000 0.11275589 0.2188795 0.19609337 0.13808489 0.08590614 0.07238065 0.05440542 0.03535567 0.01738099 0.011863497 0.012276159 0.008027007 0.010154778 0.006412948 0.004687420 0.0030144172 0.0025531016 0.0015196232 0.0021301220 1.341674e-03 2.917491e-04 2.251339e-04 3.800853e-04 3.471737e-04 3.532579e-03
   48    1      2      0    0      1      -1      -1  5000 0.13105267 0.1965489 0.16488373 0.15753852 0.10421593 0.05944601 0.04997587 0.04592834 0.02622817 0.015863086 0.009220427 0.008744554 0.005409167 0.005170752 0.006120932 0.0036169446 0.0031380821 0.0009455731 0.0004115696 6.094573e-04 1.220505e-03 8.678816e-04 9.992765e-05 8.288550e-05 2.660160e-03
   49    1      2      0    0      1      -1      -1  5000 0.15604388 0.2207750 0.13560273 0.11875459 0.11391866 0.07825391 0.04794891 0.03711606 0.03201950 0.020481430 0.008035067 0.007888508 0.004215491 0.003463635 0.004788088 0.0035852738 0.0019699500 0.0017276402 0.0006631092 4.516251e-04 2.894093e-04 2.721219e-04 2.079987e-04 5.628700e-04 9.645825e-04
   50    1      2      0    0      1      -1      -1  5000 0.13859630 0.2670176 0.15104479 0.09686223 0.08448485 0.07950656 0.05588614 0.03460823 0.02808044 0.021093787 0.015807163 0.008137446 0.005155163 0.003249763 0.001377252 0.0024529512 0.0014469918 0.0024451340 0.0011511639 5.362885e-04 7.514512e-05 6.326259e-05 1.411586e-04 9.643846e-05 6.837768e-04
   51    1      2      0    0      1      -1      -1  5000 0.16796663 0.2206655 0.18845700 0.10754506 0.06156300 0.05850551 0.06636788 0.03825275 0.02230097 0.018844278 0.014349892 0.011596174 0.005634292 0.003088156 0.002331091 0.0027390807 0.0034055557 0.0015057229 0.0007331661 1.416206e-03 1.107234e-03 3.174950e-04 1.273640e-04 2.663634e-04 9.136510e-04
   52    1      2      0    0      1      -1      -1  5000 0.16611617 0.2604227 0.15991750 0.12360305 0.07401781 0.04783277 0.04271619 0.04147837 0.02732938 0.016440581 0.009711345 0.010749217 0.007145896 0.003082702 0.001515930 0.0011315038 0.0013027409 0.0018135144 0.0014553629 5.366939e-04 2.041984e-04 1.216965e-04 3.677832e-04 8.929822e-05 8.976099e-04
   53    1      2      0    0      1      -1      -1  5000 0.13216105 0.2617772 0.19391659 0.11417741 0.08977473 0.05362496 0.03295001 0.02825227 0.03330389 0.021642216 0.011045571 0.007459456 0.006815461 0.003680780 0.002019311 0.0007106407 0.0016177993 0.0004612317 0.0025329631 8.166473e-04 2.453521e-04 2.479518e-04 8.478336e-05 1.914602e-04 4.902182e-04
   54    1      2      0    0      1      -1      -1  5000 0.14323313 0.2093800 0.20308264 0.14148942 0.08618705 0.06317807 0.03637937 0.02430290 0.02189370 0.021548018 0.016127720 0.008081490 0.007236412 0.005789057 0.003892544 0.0013609939 0.0011073580 0.0008631492 0.0011157910 8.600790e-04 5.146461e-04 8.358223e-04 5.716740e-04 1.713181e-04 7.975991e-04
   55    1      2      0    0      1      -1      -1  5000 0.10658917 0.2485528 0.15635947 0.16313732 0.10225333 0.06760386 0.04729594 0.02711002 0.01940083 0.012197483 0.013872941 0.008969727 0.007489795 0.005952496 0.005193267 0.0028302724 0.0014467705 0.0006342674 0.0006183666 1.018709e-04 4.628674e-04 7.780008e-04 3.957784e-04 4.095460e-04 3.437889e-04
   56    1      2      0    0      1      -1      -1  5000 0.16730728 0.1679690 0.18198068 0.12082883 0.11929954 0.08151186 0.04487683 0.03509943 0.01978603 0.014638493 0.011753391 0.012701069 0.007496815 0.003262732 0.004224487 0.0026349630 0.0017296590 0.0005539145 0.0005768272 2.158791e-04 5.108061e-04 2.769793e-04 4.461459e-04 1.005023e-04 2.179028e-04
   57    1      2      0    0      1      -1      -1  5000 0.22862497 0.2339168 0.10749354 0.11307387 0.07389135 0.07174663 0.05407814 0.03262108 0.02493350 0.017266277 0.009929654 0.008539489 0.009043529 0.004370724 0.002699257 0.0030146145 0.0011530083 0.0015640894 0.0003104453 2.386187e-04 4.107796e-04 2.151899e-04 1.543786e-04 1.095988e-04 6.004747e-04
   58    1      2      0    0      1      -1      -1  5000 0.16736298 0.3372458 0.15302125 0.07364184 0.07339937 0.05007158 0.04447646 0.03061274 0.02047958 0.018914222 0.008125316 0.004695502 0.004473835 0.003651975 0.002996961 0.0017087392 0.0016421125 0.0006542592 0.0006558241 4.909196e-04 5.573514e-04 2.844433e-04 1.107031e-04 2.268844e-04 4.993560e-04
   59    1      2      0    0      1      -1      -1  5000 0.11379159 0.2663294 0.25178512 0.11804889 0.05355086 0.05330885 0.03699943 0.03277632 0.02366065 0.012720715 0.009435599 0.006302894 0.003589514 0.004353719 0.005048621 0.0027702922 0.0016790191 0.0013158517 0.0005547163 8.618262e-04 1.227596e-04 2.525192e-04 1.495282e-04 1.958112e-04 3.954546e-04
   60    1      2      0    0      1      -1      -1  5000 0.13339184 0.1986012 0.20067179 0.18572513 0.08576145 0.03689583 0.04119294 0.02932838 0.02569523 0.021715475 0.010005367 0.009705747 0.005530628 0.004045300 0.004268791 0.0020631520 0.0012952652 0.0007643305 0.0015839759 6.134592e-04 1.632460e-04 2.166676e-04 1.944614e-05 7.995879e-05 6.653774e-04
   61    1      2      0    0      1      -1      -1  5000 0.12310578 0.2261714 0.14545985 0.15412217 0.14270800 0.06252025 0.03079984 0.03208628 0.02087859 0.018525096 0.011978388 0.009944269 0.004960409 0.003743973 0.003210922 0.0025445951 0.0018055052 0.0016455376 0.0012063817 4.565745e-04 9.254054e-04 6.807714e-04 3.773567e-05 1.584067e-04 3.238270e-04
   62    1      2      0    0      1      -1      -1  5000 0.21857871 0.1915807 0.14960716 0.09232224 0.10804870 0.10338850 0.04395287 0.02251131 0.01726722 0.013681730 0.011432770 0.006980801 0.006932912 0.004341256 0.002071975 0.0011392423 0.0011234353 0.0018180720 0.0014492066 1.589907e-04 3.871290e-04 4.794953e-04 2.730185e-04 1.152083e-04 3.573717e-04
   63    1      2      0    0      1      -1      -1  5000 0.16703670 0.3230174 0.12581956 0.10417599 0.05837054 0.06757197 0.06059055 0.02989393 0.01453876 0.012614541 0.010740178 0.007393160 0.005084152 0.003360704 0.002522507 0.0024645786 0.0015392621 0.0007370510 0.0006127586 8.175255e-04 3.443022e-04 4.067115e-04 3.863404e-05 3.812590e-06 3.046816e-04
   64    1      2      0    0      1      -1      -1  5000 0.16656657 0.2518623 0.22153854 0.08754323 0.06838820 0.04859210 0.04192516 0.03926856 0.02091737 0.011644069 0.012992513 0.006658166 0.006339773 0.004908075 0.003831284 0.0030973653 0.0014800388 0.0002908745 0.0006119158 4.413383e-04 6.419495e-04 6.905656e-05 1.577780e-04 1.874037e-04 4.636034e-05
   65    1      2      0    0      1      -1      -1  5000 0.13651575 0.2638542 0.17862871 0.15909609 0.06324403 0.04444657 0.03231086 0.03969549 0.03422384 0.013230561 0.006753636 0.007732524 0.006079807 0.004407908 0.003469609 0.0019523516 0.0013970055 0.0004200045 0.0008370586 5.026472e-04 6.879366e-04 3.173072e-04 2.583766e-05 2.688003e-05 1.433996e-04
   66    1      2      0    0      1      -1      -1  5000 0.10612177 0.2513877 0.20216316 0.14139436 0.12175987 0.04570444 0.03640206 0.02204251 0.02462282 0.019306642 0.008759718 0.004200715 0.006316942 0.002634823 0.003013377 0.0009504436 0.0009952413 0.0005127824 0.0003806132 5.833035e-05 3.367633e-04 3.268924e-04 1.039386e-04 3.195323e-04 1.845356e-04
   67    1      2      0    0      1      -1      -1  5000 0.12198555 0.1874232 0.20021015 0.14551359 0.10897253 0.09685511 0.03170370 0.02630972 0.01735961 0.019845275 0.017830927 0.007304945 0.004238227 0.004297540 0.001956802 0.0032707050 0.0014348789 0.0008070449 0.0005619189 9.788409e-04 3.762997e-04 3.374966e-04 2.027731e-04 1.998199e-05 2.031643e-04
   68    1      2      0    0      1      -1      -1  5000 0.07996697 0.2184197 0.15378833 0.14642795 0.12334794 0.08600121 0.07714100 0.03001268 0.02150859 0.014031100 0.015118079 0.012204276 0.008116705 0.003199202 0.002582334 0.0018204811 0.0029538294 0.0020325725 0.0003837950 1.636427e-04 1.373432e-04 7.490843e-06 2.317548e-04 3.121515e-04 9.091616e-05
   69    1      2      0    0      1      -1      -1  5000 0.13175474 0.1429383 0.15779036 0.12882970 0.11583378 0.09769463 0.07278729 0.06101504 0.02143604 0.017615231 0.010424283 0.011081363 0.012817459 0.005767282 0.001858292 0.0033742129 0.0025341766 0.0008942192 0.0007304650 1.980565e-04 6.773672e-04 2.787132e-04 3.077452e-05 5.668809e-04 1.071355e-03
   70    1      2      0    0      1      -1      -1  5000 0.13959370 0.2261799 0.09789585 0.12520597 0.09034470 0.08888034 0.06644256 0.04900591 0.04669701 0.017110414 0.015339122 0.007671435 0.009874318 0.007348797 0.005331066 0.0019858850 0.0019792744 0.0010862679 0.0010610204 3.762033e-04 1.127272e-04 6.928240e-05 1.464514e-04 1.206697e-05 2.497741e-04
   71    1      2      0    0      1      -1      -1  5000 0.22108033 0.2102971 0.15486038 0.06797357 0.08531234 0.05510014 0.05518281 0.04762637 0.03409798 0.029417054 0.008466240 0.009274511 0.004170064 0.005533164 0.005652064 0.0018325339 0.0010318698 0.0007396374 0.0006843613 4.871104e-04 2.739234e-04 1.055593e-04 3.075729e-04 7.558278e-05 4.177623e-04
   72    1      2      0    0      1      -1      -1  5000 0.18916099 0.3124941 0.12983317 0.09778403 0.04170893 0.05457245 0.04125661 0.03749177 0.02804656 0.024321790 0.015774839 0.006899127 0.003382640 0.003705465 0.004982826 0.0040928552 0.0012385284 0.0011605612 0.0006734598 2.794153e-04 1.405866e-04 7.778637e-04 3.032257e-05 4.735757e-06 1.864183e-04
   73    1      2      0    0      1      -1      -1  5000 0.13280634 0.2830019 0.23558129 0.09537206 0.06553396 0.02962368 0.03881472 0.02537893 0.02473816 0.021842018 0.014007845 0.012273137 0.004400379 0.005256821 0.002019824 0.0025931648 0.0032856935 0.0008029466 0.0011654769 4.009661e-04 2.539872e-04 1.444702e-04 9.119722e-05 4.021596e-04 2.088853e-04
   74    1      2      0    0      1      -1      -1  5000 0.14765013 0.2068315 0.21194959 0.17409035 0.07199234 0.04350814 0.02318426 0.02876514 0.01942802 0.015849726 0.016760439 0.012993958 0.011671492 0.003445582 0.002232005 0.0019232720 0.0018429329 0.0019274696 0.0011645425 8.519912e-04 4.493394e-04 1.128625e-04 3.635229e-04 2.579800e-05 9.855966e-04
   75    1      2      0    0      1      -1      -1  5000 0.11130547 0.2419647 0.16171636 0.16708122 0.12997003 0.05339643 0.03805780 0.01395724 0.01876030 0.014696687 0.012503678 0.012341959 0.009616946 0.005868159 0.001396792 0.0025970227 0.0010938144 0.0012218722 0.0006207228 4.220966e-04 1.284701e-04 4.289777e-04 1.141104e-04 5.878057e-05 6.803607e-04
   76    1      2      0    0      1      -1      -1  5000 0.08855745 0.2071993 0.17847575 0.13501263 0.12930648 0.09502082 0.04541211 0.03183638 0.01419257 0.018496540 0.014295977 0.012739574 0.009767564 0.005098151 0.003804063 0.0024461581 0.0022042501 0.0014076607 0.0008572639 2.592584e-03 5.478210e-04 1.026004e-04 2.462582e-04 5.718217e-05 3.228723e-04
   77    1      2      0    0      1      -1      -1  5000 0.11089299 0.1541646 0.16130311 0.15932170 0.10149601 0.10379503 0.08385205 0.03740975 0.02488340 0.009063967 0.011546424 0.010545625 0.008223036 0.008782398 0.004136306 0.0038087669 0.0017540496 0.0011527628 0.0003259837 9.266240e-04 1.258243e-03 2.807284e-04 1.802810e-04 1.434555e-04 7.527334e-04
   78    1      2      0    0      1      -1      -1  5000 0.11213742 0.1933335 0.12693423 0.11591283 0.12795596 0.08266594 0.08079114 0.06561031 0.02630667 0.020297403 0.008804364 0.008614154 0.005893561 0.006133938 0.005488375 0.0041698577 0.0036382264 0.0012662437 0.0009235599 6.692858e-04 4.581347e-04 1.110061e-03 4.895028e-04 1.194131e-04 2.759180e-04
   79    1      2      0    0      1      -1      -1  5000 0.12590084 0.1847837 0.15319332 0.09172159 0.09955120 0.09365967 0.06001204 0.06371885 0.05230370 0.021506454 0.013504803 0.005822760 0.010017405 0.004473507 0.005310012 0.0058867537 0.0031033479 0.0015355497 0.0013182870 9.642762e-04 1.614307e-04 5.311647e-04 7.100676e-04 2.315061e-05 2.861176e-04
   80    1      2      0    0      1      -1      -1  5000 0.13160968 0.2006789 0.14288764 0.11417549 0.07127950 0.06874512 0.07410349 0.04797651 0.04877089 0.037392499 0.017402523 0.012410531 0.005255865 0.004842747 0.004911140 0.0054222613 0.0023742090 0.0031199476 0.0030465382 1.000448e-03 5.076437e-04 6.158150e-04 1.736273e-04 5.300510e-04 7.669475e-04
0 #_N_MeanSize_at_Age_obs
0 #_N_environ_variables
0 #_N_environ_obs
0 #_N_sizefreq_methods
0 #_do_tags
0 #_morphcomp_data
#
999
