#C data file created using the SS_writedat function in the R package r4ss
#C should work with SS version: 
#C file write time: 2015-12-01 12:52:07
#
1 #_styr
80 #_endyr
1 #_nseas
12 #_months_per_seas
1 #_spawn_seas
1 #_Nfleet
2 #_Nsurveys
1 #_N_areas
Fishery%Survey%CPUE #_fleetnames
0.5 0.5 0.5 #_surveytiming_in_season
1 1 1 #_area_assignments_for_each_fishery_and_survey
1 #_units of catch:  1=bio; 2=num
0.01 #_se of log(catch) only used for init_eq_catch and for Fmethod 2 and 3
1 #_Ngenders
25 #_Nages
0 #_init_equil_catch_for_each_fishery
100 #_N_lines_of_catch_to_read
 #_Fishery year seas
         0    1    1
         0    2    1
         0    3    1
         0    4    1
         0    5    1
         0    6    1
         0    7    1
         0    8    1
         0    9    1
         0   10    1
         0   11    1
         0   12    1
         0   13    1
         0   14    1
         0   15    1
         0   16    1
         0   17    1
         0   18    1
         0   19    1
         0   20    1
         0   21    1
         0   22    1
         0   23    1
         0   24    1
         0   25    1
 597433000   26    1
 561164000   27    1
 519949000   28    1
 475889000   29    1
 430376000   30    1
 388284000   31    1
 352066000   32    1
 323833000   33    1
 302966000   34    1
 290431000   35    1
 281441000   36    1
 271413000   37    1
 258690000   38    1
 241678000   39    1
 221657000   40    1
 200761000   41    1
 181048000   42    1
 163572000   43    1
 147217000   44    1
 132306000   45    1
 122106000   46    1
 117510000   47    1
 121434000   48    1
 129217000   49    1
 137536000   50    1
 144359000   51    1
 147218000   52    1
 146119000   53    1
 146396000   54    1
 147068000   55    1
 150550000   56    1
 153192000   57    1
 151750000   58    1
 147175000   59    1
 142678000   60    1
 141556000   61    1
 147194000   62    1
 152421000   63    1
 160542000   64    1
 167744000   65    1
 173265000   66    1
 177981000   67    1
 179627000   68    1
 175821000   69    1
 168034000   70    1
 158733000   71    1
 148590000   72    1
 138117000   73    1
 129032000   74    1
 121887000   75    1
 117478000   76    1
 115274000   77    1
 113540000   78    1
 114266000   79    1
 118336000   80    1
         0   81    1
         0   82    1
         0   83    1
         0   84    1
         0   85    1
         0   86    1
         0   87    1
         0   88    1
         0   89    1
         0   90    1
         0   91    1
         0   92    1
         0   93    1
         0   94    1
         0   95    1
         0   96    1
         0   97    1
         0   98    1
         0   99    1
         0  100    1
55 #_N_cpue
 #_Fleet Units Errtype
       1     1       0
       2     1       0
       3     1       0
 #_year seas index        obs se_log
     26    1     2 4667506742    0.1
     27    1     2 4856579394    0.1
     28    1     2 4784811564    0.1
     29    1     2 3570482236    0.1
     30    1     2 3396947936    0.1
     31    1     2 2756145055    0.1
     32    1     2 3095353893    0.1
     33    1     2 2944662693    0.1
     34    1     2 2774332671    0.1
     35    1     2 2213600481    0.1
     36    1     2 2775805791    0.1
     37    1     2 2144149057    0.1
     38    1     2 2743157910    0.1
     39    1     2 2150779962    0.1
     40    1     2 1902860079    0.1
     41    1     2 1854188876    0.1
     42    1     2 1371242619    0.1
     43    1     2 1147042484    0.1
     44    1     2 1297023811    0.1
     45    1     2 1002533546    0.1
     46    1     2 1042736659    0.1
     47    1     2  947980387    0.1
     48    1     2  974952214    0.1
     49    1     2 1048403723    0.1
     50    1     2 1205025761    0.1
     51    1     2 1119486579    0.1
     52    1     2 1386715894    0.1
     53    1     2 1075115976    0.1
     54    1     2 1162892208    0.1
     55    1     2 1454832575    0.1
     56    1     2  997370816    0.1
     57    1     2 1218184301    0.1
     58    1     2 1233085925    0.1
     59    1     2 1187258635    0.1
     60    1     2 1287970775    0.1
     61    1     2 1092611077    0.1
     62    1     2 1093932577    0.1
     63    1     2 1426903873    0.1
     64    1     2 1237605568    0.1
     65    1     2 1376177848    0.1
     66    1     2 1674386040    0.1
     67    1     2 1290644473    0.1
     68    1     2 1336973162    0.1
     69    1     2 1125612124    0.1
     70    1     2 1240700133    0.1
     71    1     2 1239200501    0.1
     72    1     2 1269913616    0.1
     73    1     2 1073210431    0.1
     74    1     2 1118617657    0.1
     75    1     2  990066711    0.1
     76    1     2  906676604    0.1
     77    1     2  803168827    0.1
     78    1     2  998772128    0.1
     79    1     2 1074176881    0.1
     80    1     2 1208232154    0.1
0 #_N_discard_fleets
#_discard_units (1=same_as_catchunits(bio/num); 2=fraction; 3=numbers)
#_discard_errtype:  >0 for DF of T-dist(read CV below); 0 for normal with CV; -1 for normal with se; -2 for lognormal
0 #_N_discard
0 #_N_meanbodywt
1 #_DF_for_meanbodywt_T-distribution_like
2 # length bin method: 1=use databins; 2=generate from binwidth,min,max below; 3=read vector
1 # binwidth for population size comp
10 # minimum size in the population (lower edge of first bin and size at age 0.00)
200 # maximum size in the population (lower edge of last bin)
-1 #_comp_tail_compression
1e-10 #_add_to_comp
0 #_combine males into females at or below this bin number
45 #_N_lbins
#_lbin_vector
20 23 26 29 32 35 38 41 44 47 50 53 56 59 62 65 68 71 74 77 80 83 86 89 92 95 98 101 104 107 110 113 116 119 122 125 128 131 134 137 140 143 146 149 152
55 #_N_Length_comp_observations
 #_Yr Seas FltSvy Gender Part Nsamp          l20          l23         l26        l29        l32         l35         l38        l41        l44        l47        l50        l53        l56        l59        l62        l65        l68        l71        l74        l77        l80        l83        l86        l89        l92        l95        l98       l101       l104        l107        l110       l113        l116        l119        l122        l125        l128        l131        l134        l137         l140         l143         l146         l149         l152
   26    1      2      0    0  5000 1.197651e-06 0.0016508485 0.014569255 0.04298358 0.04652212 0.019229056 0.009578362 0.02277702 0.04741838 0.06304363 0.05895676 0.04158475 0.03273910 0.02846251 0.02891414 0.03277804 0.03087761 0.02836605 0.02372304 0.02913607 0.03074711 0.03132485 0.02490031 0.03026867 0.02842552 0.02451114 0.02041995 0.02346905 0.01960786 0.020265945 0.018608784 0.01959003 0.017516150 0.015060438 0.012098883 0.011892154 0.012828541 0.010354715 0.006084446 0.005004511 0.0050629693 2.816831e-03 2.597747e-03 1.571945e-03 0.0016599268
   27    1      2      0    0  5000 8.466925e-09 0.0008814896 0.008900359 0.02014518 0.02201319 0.009281262 0.012124426 0.02553570 0.04119346 0.06108885 0.05017853 0.04492781 0.03565757 0.03835326 0.04914744 0.04278431 0.04373698 0.03280016 0.03339363 0.03226638 0.02631351 0.02909911 0.02559242 0.02966661 0.02680355 0.02370797 0.02872728 0.02754850 0.02295925 0.019504492 0.019222978 0.01619930 0.018126408 0.013985805 0.013466407 0.013803771 0.007583459 0.007950640 0.007256185 0.005593593 0.0038476824 2.721678e-03 1.916847e-03 1.386443e-03 0.0026061295
   28    1      2      0    0  5000 1.857044e-06 0.0017077447 0.010930302 0.02663800 0.02725283 0.009883933 0.005191504 0.01116133 0.01995417 0.03155880 0.02779670 0.02957765 0.03073428 0.03357927 0.04706941 0.04534932 0.04804398 0.04480830 0.04477949 0.03888025 0.03703586 0.03992970 0.03481536 0.02775637 0.02852825 0.03161449 0.02473611 0.03261514 0.02789440 0.023290361 0.023838586 0.02039174 0.017995423 0.016928947 0.015713212 0.014911159 0.011833430 0.007757326 0.006409432 0.006264178 0.0056292164 3.503906e-03 1.969314e-03 1.487959e-03 0.0022510100
   29    1      2      0    0  5000 1.098159e-05 0.0005852374 0.009470837 0.02992666 0.02423830 0.010932151 0.008072984 0.01396003 0.02785986 0.04073118 0.03087516 0.02599603 0.02068807 0.02334771 0.02698514 0.02946538 0.03395665 0.03256879 0.03546248 0.04153297 0.04342348 0.04460396 0.04147029 0.04302128 0.04038127 0.03403401 0.03707283 0.02985474 0.03237623 0.028435141 0.025279351 0.02460590 0.018715407 0.018547456 0.011514916 0.010794866 0.011364347 0.010321233 0.006792774 0.007931022 0.0038674701 3.290946e-03 1.765626e-03 1.465412e-03 0.0024034335
   30    1      2      0    0  5000 6.542817e-05 0.0036199244 0.013074557 0.03596607 0.03382443 0.017498176 0.009641829 0.01574544 0.02293924 0.03374775 0.03412922 0.02629269 0.02338746 0.02482180 0.02916278 0.02596067 0.02819123 0.02192945 0.02511071 0.03155282 0.03353509 0.03427614 0.03920071 0.03653597 0.04481889 0.04048299 0.03636719 0.03189651 0.03347861 0.031517545 0.028809832 0.02619287 0.025942988 0.019263529 0.019150851 0.013158369 0.015668209 0.009544965 0.007646388 0.004067817 0.0034344504 2.260962e-03 2.349790e-03 9.855871e-04 0.0027520680
   31    1      2      0    0  5000 9.721893e-05 0.0009580752 0.017053433 0.04242988 0.03976751 0.018746801 0.008978575 0.01925773 0.03520682 0.04466298 0.04354234 0.03414499 0.02068748 0.02092949 0.02569142 0.02488728 0.02881329 0.02402895 0.03016359 0.02545346 0.02385446 0.02940473 0.03089531 0.03083976 0.03172752 0.03481379 0.03146785 0.03633624 0.03406193 0.032193557 0.025931609 0.02742533 0.019535721 0.020334033 0.020189271 0.016300343 0.014598191 0.010781285 0.007235650 0.006244742 0.0038884830 1.892233e-03 1.554737e-03 1.909970e-03 0.0010819280
   32    1      2      0    0  5000 9.040351e-07 0.0034281366 0.019548483 0.05595696 0.05276251 0.018890326 0.011383074 0.01946995 0.03595932 0.04633455 0.04368578 0.03856528 0.02496385 0.02487455 0.02987910 0.03405792 0.02831358 0.02386321 0.02509314 0.02557822 0.02188059 0.02385680 0.02229491 0.02652404 0.02657220 0.02746272 0.02945566 0.02605212 0.02651664 0.030049856 0.028439756 0.02385560 0.023328144 0.021620607 0.017919467 0.014656421 0.011616223 0.008423056 0.006312654 0.006072246 0.0037624251 4.273294e-03 2.279581e-03 1.551561e-03 0.0026145766
   33    1      2      0    0  5000 2.903841e-07 0.0025839714 0.019204427 0.05070012 0.04857295 0.018247873 0.011173338 0.02403226 0.04566994 0.06121307 0.05125723 0.03946693 0.02621109 0.03004480 0.03565915 0.03318799 0.02767228 0.02940754 0.02695153 0.02476717 0.02049010 0.02161045 0.02382818 0.02051370 0.02318752 0.02456426 0.02099383 0.02391883 0.02870636 0.024247690 0.027399705 0.01710694 0.017354593 0.020025699 0.015346308 0.014502940 0.013320326 0.007338426 0.007639582 0.007284994 0.0048519278 4.529514e-03 1.740588e-03 6.949690e-04 0.0027786304
   34    1      2      0    0  5000 5.484418e-06 0.0020956487 0.019499963 0.05513375 0.05132672 0.018254695 0.010246645 0.02403449 0.04861877 0.05890080 0.04938471 0.04253956 0.02909079 0.03321632 0.03399958 0.03892647 0.03003273 0.03247184 0.03337317 0.02607584 0.02843405 0.02315869 0.02450492 0.02236856 0.01783674 0.01769044 0.02171306 0.01983583 0.01993538 0.020405774 0.019790902 0.02114604 0.018296652 0.019242655 0.015736742 0.011573368 0.011068059 0.008327164 0.008447242 0.003375251 0.0030425203 2.582750e-03 1.509484e-03 8.415137e-04 0.0019082359
   35    1      2      0    0  5000 2.622719e-09 0.0021077378 0.019684459 0.04979733 0.04564662 0.018005285 0.011795090 0.02707362 0.05598718 0.06818617 0.06349094 0.03681589 0.03577267 0.03197185 0.03166156 0.03316043 0.03969054 0.02822063 0.03336537 0.03024127 0.03126333 0.03051836 0.02645069 0.01963591 0.02134871 0.02056618 0.01788297 0.01679747 0.01502166 0.017638574 0.017926735 0.01504312 0.014730519 0.015208599 0.012199739 0.012479804 0.008569305 0.006399024 0.004486214 0.003584402 0.0038594982 1.697074e-03 1.367518e-03 1.125312e-03 0.0015246425
   36    1      2      0    0  5000 2.999619e-06 0.0016579441 0.017329207 0.03790565 0.03405346 0.014027067 0.013638688 0.02254695 0.04576461 0.05856199 0.05776403 0.03860649 0.04098806 0.03465936 0.04274948 0.04252203 0.04590452 0.04044181 0.02602844 0.03341588 0.03544977 0.03056628 0.02727792 0.02866948 0.02322135 0.01969953 0.02310559 0.01511580 0.01853691 0.015082670 0.015395258 0.01595582 0.013683874 0.012551528 0.011002289 0.009909199 0.006720267 0.008083973 0.004266454 0.006048647 0.0037564655 2.266550e-03 1.999675e-03 5.092803e-04 0.0025567437
   37    1      2      0    0  5000 4.995844e-05 0.0008750670 0.011622764 0.03127242 0.03279705 0.012086937 0.007894181 0.01830383 0.03892500 0.04471420 0.04267958 0.03737078 0.03146573 0.03302343 0.03633066 0.04835405 0.04589294 0.04139172 0.04617329 0.04342930 0.03306270 0.03212161 0.03323880 0.02942707 0.02975563 0.02957378 0.02168183 0.02132293 0.02261777 0.018803038 0.016423929 0.01732812 0.016846305 0.012634121 0.013774576 0.011999999 0.009133773 0.005719433 0.006505877 0.004757572 0.0026082171 1.133944e-03 1.595476e-03 8.173622e-04 0.0024632286
   38    1      2      0    0  5000 2.944420e-08 0.0005040986 0.008304707 0.02565320 0.02428774 0.009070459 0.008423548 0.01950993 0.03598634 0.04340307 0.03969202 0.03608079 0.03002759 0.02993308 0.03606801 0.04036145 0.03458056 0.03860962 0.04175101 0.04142271 0.04124908 0.04093592 0.04206101 0.03618746 0.03562763 0.02892256 0.02973863 0.02251534 0.02625203 0.020963280 0.021587495 0.01769103 0.016356608 0.011311976 0.014748167 0.010480675 0.011387198 0.007517791 0.005132958 0.005196358 0.0035367987 2.142406e-03 1.825889e-03 8.027011e-04 0.0021590328
   39    1      2      0    0  5000 2.178743e-04 0.0007036469 0.009076593 0.02665359 0.02670975 0.011186864 0.006720174 0.01374725 0.02857494 0.03628072 0.03645690 0.02717515 0.02490024 0.03033239 0.03412683 0.03407356 0.03727061 0.03372372 0.03723791 0.03856179 0.03761496 0.03978270 0.04379304 0.04209874 0.04297459 0.03452698 0.03101552 0.03497565 0.02631457 0.025824443 0.023453482 0.02199096 0.016412223 0.017036891 0.016469833 0.012830139 0.010045958 0.007400842 0.007479460 0.003942132 0.0034337584 2.039546e-03 2.058317e-03 8.674180e-04 0.0018873275
   40    1      2      0    0  5000 8.287504e-05 0.0009787852 0.011993855 0.03600464 0.03236335 0.014324180 0.006029849 0.01262745 0.02587526 0.03124591 0.02734650 0.02367959 0.02085796 0.02577893 0.02385969 0.02710681 0.02640360 0.03284628 0.02898368 0.03700474 0.03538918 0.04140161 0.03751328 0.03861397 0.04483972 0.03701017 0.04086385 0.03515564 0.03611636 0.035851280 0.033063064 0.03012435 0.022732113 0.018561638 0.015839783 0.011175362 0.008067508 0.007825071 0.007778493 0.003441688 0.0043026712 2.835511e-03 2.415401e-03 1.317262e-03 0.0023710873
   41    1      2      0    0  5000 1.021043e-03 0.0013048435 0.013198797 0.03455493 0.03656127 0.015000595 0.006694268 0.01689743 0.03295277 0.04604332 0.03984897 0.02604012 0.02164159 0.01934112 0.02221858 0.02909239 0.02219320 0.02593248 0.02951639 0.02619850 0.03177399 0.03397897 0.03308125 0.03415048 0.03484278 0.03355715 0.04115835 0.03874264 0.03690125 0.034678095 0.031671654 0.02809181 0.022743707 0.019565564 0.019721994 0.015460216 0.010024880 0.011486520 0.006561705 0.005226475 0.0029912948 2.838703e-03 2.041893e-03 6.266706e-04 0.0018293791
   42    1      2      0    0  5000 2.127146e-10 0.0023550359 0.011616508 0.04173616 0.03746304 0.016839157 0.008334443 0.01505442 0.03698676 0.04508341 0.03782768 0.03516288 0.02648100 0.01988410 0.02893347 0.03047906 0.02754047 0.02631969 0.02746582 0.02289002 0.02559280 0.02192636 0.02786868 0.02448390 0.03020082 0.03451431 0.03614989 0.03520072 0.03128768 0.037811918 0.031827907 0.02980739 0.024983568 0.022329883 0.020985715 0.013463792 0.013747932 0.009310929 0.009738634 0.006325840 0.0044659216 3.724205e-03 2.846110e-03 9.898313e-04 0.0019621723
   43    1      2      0    0  5000 8.152967e-13 0.0015109498 0.011894475 0.02575836 0.03218452 0.013014967 0.008421726 0.01956538 0.03792316 0.04922793 0.05416133 0.03539692 0.03080106 0.03196604 0.02969623 0.03085152 0.03752374 0.02816593 0.03038403 0.02928720 0.02355898 0.02780884 0.02174174 0.02309124 0.02811233 0.02584095 0.03236828 0.03009756 0.02608301 0.032457974 0.028949190 0.02654547 0.027853847 0.020268812 0.022448192 0.015438659 0.013100615 0.008124028 0.009711154 0.005140630 0.0064104399 2.446806e-03 1.704407e-03 1.006679e-03 0.0019547006
   44    1      2      0    0  5000 3.757739e-04 0.0016672228 0.013797068 0.03273587 0.03492178 0.013890061 0.009796839 0.01723573 0.02909265 0.03714755 0.03563798 0.03062856 0.02549024 0.03198223 0.03765588 0.03885977 0.03171380 0.03698182 0.02785199 0.03225729 0.03086741 0.02983830 0.02902527 0.02704019 0.02967766 0.02790215 0.02734256 0.02748868 0.02953238 0.026263118 0.026069687 0.03040650 0.026204442 0.024148334 0.019093018 0.016826655 0.015959996 0.010763842 0.006688206 0.007250764 0.0036354202 2.563014e-03 2.224294e-03 1.178220e-03 0.0022897809
   45    1      2      0    0  5000 1.922321e-05 0.0029550526 0.025283649 0.07599918 0.06111895 0.025346497 0.007856537 0.01576351 0.02861828 0.03421998 0.03433004 0.02642111 0.02524200 0.02130088 0.02633784 0.02790504 0.03021283 0.02970305 0.02802011 0.03178123 0.03141005 0.03275445 0.02398641 0.02751297 0.02615926 0.02763871 0.01980859 0.02757874 0.02592480 0.023233868 0.023410042 0.02101151 0.021531219 0.022090513 0.018877302 0.018825610 0.012201148 0.009301883 0.008380090 0.006465706 0.0055191913 2.471176e-03 1.899367e-03 1.427499e-03 0.0021449307
   46    1      2      0    0  5000 2.639751e-07 0.0031960209 0.027247831 0.07038905 0.06804096 0.025275727 0.012600719 0.02707948 0.05365589 0.06527813 0.06224000 0.04490608 0.02423350 0.02245996 0.02358477 0.02234383 0.01778424 0.02494849 0.01918465 0.02083799 0.02311194 0.02599791 0.02190773 0.02782895 0.01874078 0.02112363 0.02042293 0.01960188 0.01997383 0.020478350 0.018407189 0.01699160 0.016087105 0.016770523 0.014910479 0.014492879 0.014043889 0.008530994 0.007778812 0.004848859 0.0036680169 2.160845e-03 2.069003e-03 2.156418e-03 0.0026078872
   47    1      2      0    0  5000 4.453510e-04 0.0035130908 0.036415456 0.09228844 0.09595324 0.042254792 0.014983568 0.02741776 0.04973110 0.06604446 0.05498782 0.04257072 0.02852052 0.03180454 0.03310861 0.03291151 0.02702961 0.02505219 0.01855702 0.01480083 0.01333815 0.01557498 0.01475590 0.01401375 0.01772436 0.01635167 0.01756840 0.01657164 0.01448922 0.017438762 0.013482838 0.01302399 0.012891088 0.011492568 0.010313114 0.009570307 0.007494090 0.007300907 0.004446736 0.004247788 0.0023387788 2.710935e-03 2.716865e-03 7.421070e-04 0.0010104623
   48    1      2      0    0  5000 4.440173e-05 0.0023272979 0.022324331 0.06579264 0.06786830 0.020108250 0.015839604 0.03532954 0.07139372 0.08544688 0.08203164 0.05552009 0.03763547 0.03171823 0.03553261 0.04043240 0.03147220 0.02718512 0.02872636 0.02496651 0.02492380 0.01611232 0.01312213 0.01376166 0.01519896 0.00979102 0.01291549 0.00986108 0.01083647 0.011740462 0.008808165 0.01193300 0.009763441 0.006993645 0.007320021 0.009461255 0.005595898 0.007546118 0.003061827 0.003512656 0.0019862288 1.123669e-03 7.462879e-04 1.152472e-03 0.0010363084
   49    1      2      0    0  5000 3.364490e-04 0.0021618353 0.023276979 0.05839440 0.05318929 0.022637050 0.011546333 0.03080217 0.04973682 0.07017334 0.06221423 0.05122607 0.04391077 0.04543557 0.05649723 0.04354101 0.04200466 0.03617854 0.03631232 0.03274379 0.02561617 0.02202357 0.01952733 0.01448354 0.01444180 0.01388166 0.01231178 0.01065464 0.01204272 0.010620004 0.007902518 0.01149958 0.008738180 0.007281208 0.007069617 0.007968972 0.005353143 0.005487943 0.002990221 0.002204393 0.0010599060 1.565949e-03 1.834994e-03 2.319872e-04 0.0008893245
   50    1      2      0    0  5000 2.679331e-04 0.0020121224 0.020680028 0.05000367 0.04239705 0.018129287 0.010006963 0.02506932 0.04644944 0.06578338 0.05582318 0.04389278 0.03697146 0.03892654 0.04505898 0.04979567 0.04971355 0.04231737 0.04288536 0.04222356 0.03757159 0.03343940 0.02671820 0.02189669 0.02067397 0.01524648 0.01499061 0.01474126 0.01235832 0.009861686 0.009978804 0.01063520 0.007146708 0.007967665 0.004596762 0.005554925 0.004160469 0.003473453 0.003422047 0.001961731 0.0013994175 8.846601e-04 1.157657e-03 7.275487e-04 0.0010271133
   51    1      2      0    0  5000 3.164954e-05 0.0011276972 0.011381974 0.04427473 0.04002182 0.015895457 0.011419795 0.02415395 0.04490457 0.06383593 0.04815630 0.04633509 0.03287164 0.03716621 0.04254635 0.04445395 0.04007548 0.03905235 0.04052679 0.03868996 0.03917307 0.04058430 0.03747630 0.03343033 0.02675961 0.02445733 0.01774003 0.01815429 0.01402271 0.014409866 0.010719520 0.01040362 0.007878223 0.006894041 0.007243280 0.005949558 0.003861414 0.004243515 0.003279843 0.001907051 0.0011701016 1.236603e-03 1.369585e-04 1.192926e-03 0.0007538271
   52    1      2      0    0  5000 2.105869e-08 0.0016419614 0.013292353 0.03412446 0.03597965 0.012067967 0.008454777 0.02108655 0.03714772 0.04788945 0.04368348 0.03476214 0.03061478 0.03728879 0.04272854 0.04081116 0.04827432 0.04336263 0.03858139 0.04071140 0.03461605 0.04257307 0.03660617 0.03865100 0.03173814 0.02822803 0.03303232 0.02717687 0.02222763 0.015642998 0.015060861 0.01266129 0.008124275 0.006899699 0.006536596 0.006171317 0.004153472 0.005957426 0.003031887 0.002022647 0.0018522082 1.796189e-03 7.538091e-04 1.778709e-04 0.0018046202
   53    1      2      0    0  5000 7.514375e-06 0.0020107888 0.026322988 0.06698891 0.06560290 0.028025333 0.008729894 0.01439500 0.02561151 0.04083261 0.03900987 0.03083140 0.02876539 0.02802759 0.03381104 0.03562910 0.03471974 0.03264332 0.02990267 0.03312369 0.03577507 0.03646180 0.03704523 0.03331229 0.03229662 0.03197307 0.02859138 0.02578196 0.02287472 0.024164802 0.018075517 0.01396914 0.014847502 0.008137020 0.007637742 0.006630568 0.005708225 0.003077090 0.001932200 0.002878080 0.0017357054 8.886804e-04 7.523298e-05 3.845078e-04 0.0007546042
   54    1      2      0    0  5000 1.595999e-05 0.0020203751 0.018253838 0.05090741 0.05130782 0.022618628 0.012782228 0.02911761 0.05890250 0.07091524 0.06743226 0.04743927 0.02742244 0.02259027 0.02598643 0.02667847 0.02166280 0.02546780 0.02786033 0.02774400 0.03355184 0.02648478 0.02970996 0.03273904 0.02628419 0.03111300 0.02875413 0.02099440 0.02212656 0.020277676 0.017787433 0.01570244 0.013124102 0.011588430 0.008206467 0.007824924 0.003906469 0.003240388 0.003247298 0.001776823 0.0021397743 1.426857e-03 3.400615e-04 1.956580e-04 0.0003316038
   55    1      2      0    0  5000 1.780431e-04 0.0038975454 0.024396826 0.06544484 0.06078483 0.029674991 0.009737708 0.02314013 0.04329214 0.05866161 0.05235529 0.04244994 0.03367369 0.03623597 0.03965424 0.04307957 0.03828499 0.03084211 0.02776019 0.02156692 0.02530635 0.02224882 0.02291158 0.01990434 0.02399727 0.02319867 0.02365431 0.02341243 0.02188559 0.020248618 0.017835278 0.01453390 0.012119398 0.009941064 0.008215379 0.008615488 0.005055436 0.003744920 0.002618695 0.002627951 0.0009314753 7.194068e-04 6.794144e-04 2.010480e-04 0.0002815922
   56    1      2      0    0  5000 1.722500e-05 0.0018550618 0.014756560 0.05009002 0.04282463 0.016023813 0.014211669 0.02909489 0.05249779 0.07214195 0.06573997 0.05180295 0.04062802 0.03020804 0.03696397 0.03701637 0.04201533 0.03231363 0.03151450 0.03337070 0.02884965 0.02549418 0.02449751 0.02082997 0.02241870 0.02022135 0.01991669 0.01774230 0.01780533 0.015699642 0.017449828 0.01523284 0.014303324 0.009585431 0.010555479 0.007783166 0.006323422 0.003164880 0.002378522 0.002328645 0.0006069021 8.679764e-05 4.838826e-04 5.110537e-04 0.0006434415
   57    1      2      0    0  5000 2.438045e-09 0.0007611240 0.013244093 0.03431717 0.03009926 0.012557103 0.008078478 0.02200219 0.04927938 0.05862289 0.05011590 0.04027310 0.03779456 0.04512026 0.04478859 0.05210250 0.04868238 0.04207808 0.03661432 0.03744675 0.02811034 0.03279282 0.02711945 0.03026070 0.02507155 0.01884132 0.01959529 0.01834669 0.01630545 0.015512488 0.017780056 0.01745075 0.015752579 0.012480088 0.011875116 0.007170027 0.006716730 0.005810997 0.004126683 0.001612075 0.0012699669 5.477311e-04 6.111496e-04 5.352026e-04 0.0003266338
   58    1      2      0    0  5000 7.797514e-04 0.0033786138 0.011297833 0.03457724 0.03431115 0.013871451 0.008198654 0.01535776 0.03251429 0.03670148 0.04012987 0.03220560 0.03079809 0.03514868 0.04041750 0.05130867 0.04304964 0.04526944 0.04446809 0.04373835 0.04946837 0.03616473 0.03555904 0.03414258 0.03313962 0.02462914 0.02346399 0.02420667 0.02556887 0.017065319 0.015163447 0.01612531 0.014059583 0.010189904 0.008885687 0.008615540 0.007179473 0.005184399 0.003519913 0.004189961 0.0017825585 1.258517e-03 1.289687e-03 5.452450e-04 0.0010802993
   59    1      2      0    0  5000 2.776720e-06 0.0026905607 0.017404003 0.05890542 0.05030874 0.017804944 0.007360559 0.01503787 0.03153230 0.03866847 0.04149078 0.03011963 0.02245665 0.02636034 0.02884129 0.03176455 0.03422245 0.03604785 0.03199454 0.03829253 0.03567886 0.04266634 0.03684668 0.04224990 0.03490260 0.03119757 0.03005589 0.02645198 0.02606046 0.022174429 0.019403839 0.01540291 0.013554550 0.013174943 0.014183950 0.007731603 0.006676590 0.007513113 0.004035925 0.003041611 0.0020320192 6.974222e-04 1.672945e-03 8.914983e-04 0.0003961300
   60    1      2      0    0  5000 3.400636e-05 0.0069763196 0.027979777 0.06613184 0.06330437 0.030949042 0.009370737 0.02095878 0.04659457 0.05299970 0.05232500 0.03533010 0.02657438 0.02245537 0.02233278 0.02838925 0.02757971 0.02178684 0.02699636 0.02802636 0.03028308 0.03283305 0.03184456 0.02848947 0.03513780 0.02852601 0.02621087 0.02599800 0.02268688 0.019632097 0.020912417 0.01651221 0.013211950 0.012320368 0.008666531 0.006924482 0.006999674 0.004697082 0.004400893 0.002275483 0.0015943358 1.060171e-03 5.202176e-04 8.180434e-04 0.0003489986
   61    1      2      0    0  5000 5.775965e-04 0.0036998406 0.031657534 0.08685032 0.08348556 0.030725832 0.015496364 0.02594004 0.04581180 0.05672569 0.06196450 0.04393736 0.03464233 0.03280551 0.02912525 0.02937364 0.03005184 0.02021656 0.02545305 0.01938414 0.02169357 0.01933429 0.02193314 0.02143219 0.02215116 0.01976102 0.02232331 0.01991077 0.02169160 0.018921452 0.011168122 0.01442061 0.011826289 0.011862192 0.007180104 0.008454371 0.004060105 0.002882394 0.005408757 0.001373624 0.0013582723 1.304239e-03 6.575286e-04 4.396083e-04 0.0005265311
   62    1      2      0    0  5000 5.362368e-05 0.0017074553 0.018262275 0.04547222 0.03936617 0.014438596 0.014858584 0.03569920 0.06707912 0.09066468 0.08153151 0.05834836 0.03770973 0.03312365 0.03405430 0.04048845 0.03596749 0.03631954 0.02566838 0.02257516 0.02437723 0.02114004 0.01624228 0.01764801 0.01556495 0.01705180 0.01260111 0.01822012 0.02066879 0.014275011 0.019727493 0.01459893 0.012315997 0.009916427 0.008321883 0.006772565 0.005473027 0.004191955 0.002596823 0.001461678 0.0012220332 1.129236e-03 4.008050e-04 4.528435e-04 0.0002404745
   63    1      2      0    0  5000 2.276450e-04 0.0031126466 0.026488152 0.07638666 0.06639883 0.026566433 0.009125794 0.01681609 0.03835228 0.04898089 0.04657720 0.04167154 0.04134732 0.04508899 0.04882291 0.05538038 0.04982586 0.04281479 0.02895217 0.03142870 0.02619586 0.02217531 0.02427763 0.01568604 0.01751973 0.01658671 0.01462816 0.01513282 0.01359517 0.015363667 0.012041817 0.01049627 0.009042551 0.008633808 0.008589966 0.007537130 0.004646298 0.003177982 0.004066423 0.002181036 0.0014071485 8.137660e-04 1.042827e-03 8.184797e-05 0.0007147430
   64    1      2      0    0  5000 1.084259e-08 0.0010443926 0.020210925 0.04815587 0.04126428 0.020290258 0.013872474 0.02970684 0.05797666 0.07717243 0.06875338 0.05134858 0.03182200 0.03223089 0.03270835 0.03033049 0.03084902 0.03651518 0.03710680 0.04151512 0.04031357 0.03266273 0.02889676 0.02472897 0.01811883 0.01935219 0.01701034 0.01333676 0.01519483 0.012401530 0.013879937 0.01207523 0.009231697 0.009114180 0.005592539 0.006865477 0.004961705 0.005839491 0.001124913 0.002107904 0.0006420884 1.282720e-03 6.292379e-04 2.998618e-04 0.0014625376
   65    1      2      0    0  5000 7.943707e-05 0.0024324412 0.021681624 0.04583631 0.04802259 0.018306397 0.012425351 0.02228496 0.04578046 0.05459164 0.05560790 0.04304648 0.03456472 0.04554732 0.05144420 0.05137866 0.03913552 0.03969757 0.03548647 0.03325889 0.03001535 0.03212738 0.03147600 0.02778092 0.02631088 0.02250500 0.02304403 0.01817430 0.01338001 0.012753779 0.011041051 0.01078819 0.005328715 0.005691259 0.005735395 0.006760760 0.003710162 0.003753852 0.001919610 0.002266881 0.0004752597 3.037415e-03 5.038401e-04 3.115964e-04 0.0004994353
   66    1      2      0    0  5000 7.690268e-05 0.0022166128 0.021062108 0.05454497 0.05531043 0.020402287 0.010400008 0.02000408 0.04315668 0.06078412 0.05108397 0.03963366 0.03356106 0.03642859 0.03862898 0.04216984 0.03594578 0.03490530 0.03959721 0.03574925 0.03620769 0.03012075 0.02986040 0.02744757 0.02630417 0.02241971 0.02354442 0.02387034 0.01751941 0.018350199 0.012366242 0.01023694 0.008839280 0.007913431 0.007411891 0.005366336 0.003515314 0.003529084 0.004217279 0.001926393 0.0005666818 7.002130e-04 9.718480e-04 5.705013e-04 0.0005620749
   67    1      2      0    0  5000 4.056848e-04 0.0020468894 0.013553985 0.03989163 0.04105516 0.016497362 0.011220214 0.02300264 0.04774955 0.06440508 0.06319426 0.05025164 0.03584730 0.02923826 0.04282472 0.03635066 0.03943304 0.03662577 0.03219523 0.03055757 0.03392371 0.03193885 0.03077655 0.02961159 0.02918593 0.03066580 0.02299144 0.02237219 0.01874849 0.016013249 0.017185055 0.01097434 0.008774218 0.009440967 0.006518834 0.007551689 0.005739118 0.003522369 0.002054659 0.001994884 0.0016356049 6.430337e-04 6.337743e-04 3.477178e-04 0.0004092933
   68    1      2      0    0  5000 2.860405e-05 0.0017388607 0.013413435 0.02943848 0.02449636 0.013628099 0.009075480 0.02091007 0.04199169 0.05270150 0.05170879 0.03849963 0.03855573 0.03829996 0.04263991 0.04693488 0.04230393 0.03710139 0.03364897 0.03562354 0.04049674 0.03021091 0.03498653 0.03365820 0.03177504 0.02710831 0.02838478 0.02526396 0.02534474 0.021188919 0.020627442 0.01466754 0.010648441 0.009965217 0.007384586 0.005717052 0.005697704 0.003519707 0.002706702 0.002125591 0.0009416700 1.570817e-03 1.586724e-03 1.081785e-03 0.0006015844
   69    1      2      0    0  5000 5.020593e-08 0.0014294818 0.010907402 0.03254973 0.03049787 0.012221260 0.007133998 0.01165975 0.02959338 0.03645476 0.03918357 0.03349685 0.02934334 0.03147805 0.04008184 0.04522021 0.04079392 0.04782456 0.04282307 0.04065181 0.04362331 0.03547686 0.03743118 0.03252813 0.03502000 0.03289441 0.03038434 0.02663614 0.03133871 0.022400104 0.022657015 0.01693882 0.018773546 0.011035952 0.008583252 0.008132081 0.008078222 0.004917519 0.002089318 0.002859012 0.0011463411 1.517936e-03 1.195829e-03 3.410589e-04 0.0006560106
   70    1      2      0    0  5000 8.200602e-07 0.0022842756 0.015123879 0.04104145 0.04034631 0.012820243 0.006171185 0.01987612 0.03028799 0.03657253 0.03991638 0.02614075 0.02504499 0.02170493 0.02945140 0.03446133 0.03801361 0.02961055 0.03384475 0.04154549 0.03619116 0.04311514 0.04080395 0.03985198 0.04279547 0.03413368 0.03181285 0.02746669 0.03037456 0.029309754 0.022021747 0.02036810 0.017097421 0.014279042 0.011524842 0.008472290 0.007334203 0.005809175 0.004931810 0.003151961 0.0017143803 1.528471e-03 5.738237e-04 4.439856e-04 0.0006345414
   71    1      2      0    0  5000 2.228185e-04 0.0014443588 0.013339077 0.04241296 0.03510011 0.015816591 0.008240841 0.01818345 0.03476947 0.05065221 0.04622566 0.03517400 0.03028880 0.02355552 0.02999438 0.02961981 0.02706915 0.03102056 0.02936315 0.02944316 0.03326191 0.03509339 0.03444058 0.03631074 0.04022630 0.03173465 0.03314897 0.03239881 0.03097291 0.028204072 0.022919615 0.02506897 0.020997775 0.014549434 0.013488365 0.010758267 0.007322890 0.005752639 0.003684689 0.002663011 0.0015309244 8.507200e-04 1.413797e-03 4.985699e-04 0.0007719377
   72    1      2      0    0  5000 2.690155e-06 0.0012240904 0.012086747 0.03377010 0.03244478 0.015247805 0.008204369 0.01925011 0.03767892 0.04235960 0.04861039 0.03528474 0.03568272 0.03052517 0.03458949 0.03880936 0.03110663 0.03146999 0.02616088 0.02723600 0.03051995 0.03051629 0.02946183 0.03169090 0.02959267 0.03150618 0.03194321 0.03551914 0.02702238 0.027097085 0.026714878 0.02246682 0.023256693 0.017958364 0.015397688 0.011522013 0.010234461 0.008299584 0.006517944 0.004678073 0.0021644321 1.574393e-03 9.409891e-04 8.358692e-04 0.0008235886
   73    1      2      0    0  5000 3.165577e-05 0.0029876847 0.020892776 0.04557917 0.04448486 0.018426038 0.009125732 0.02030195 0.03189673 0.04680789 0.04579817 0.03137838 0.02690878 0.02947835 0.03304704 0.03552209 0.03088069 0.02982281 0.03326277 0.02893719 0.03436277 0.02804391 0.02572059 0.02813058 0.02678694 0.03157465 0.02642869 0.02867173 0.02879398 0.028273740 0.027625245 0.01946283 0.021566610 0.019290322 0.014509566 0.010500084 0.011140346 0.006951174 0.006436835 0.003080787 0.0025547273 1.728212e-03 9.918959e-04 9.092083e-04 0.0008938089
   74    1      2      0    0  5000 3.091982e-05 0.0035484467 0.017476764 0.05116945 0.04658045 0.018593785 0.009324643 0.02370407 0.04199556 0.05680935 0.05289877 0.04226065 0.03048128 0.02742855 0.02774809 0.03249460 0.02986681 0.03521733 0.03026455 0.03161634 0.02420072 0.02749678 0.02566642 0.02921442 0.02305500 0.02601817 0.02258270 0.02732163 0.02369031 0.021673789 0.019756696 0.01993746 0.020128354 0.017852667 0.013784130 0.012765106 0.008189759 0.007249305 0.005496068 0.005061521 0.0039525579 2.543360e-03 7.270068e-04 6.327207e-04 0.0014929265
   75    1      2      0    0  5000 2.328053e-05 0.0029462535 0.023572693 0.05681982 0.05899002 0.023485160 0.014254088 0.02335925 0.04366544 0.06270755 0.04747736 0.03922602 0.03256688 0.03054309 0.03067138 0.03452127 0.02810991 0.02892227 0.02823003 0.02613032 0.02888254 0.02604254 0.02371395 0.02317951 0.02603299 0.01971047 0.02310631 0.01863975 0.02182813 0.022621864 0.020700194 0.01833886 0.018053600 0.015659348 0.012917974 0.010006638 0.009542177 0.007029946 0.005678012 0.004075504 0.0025673307 2.505583e-03 7.200970e-04 4.356667e-04 0.0017889270
   76    1      2      0    0  5000 3.286094e-04 0.0030186780 0.019627127 0.05551012 0.05684349 0.022146878 0.012597780 0.02732134 0.05137224 0.05982812 0.06068974 0.04783149 0.03421102 0.03284120 0.03388192 0.03221770 0.03369684 0.02931045 0.02893109 0.02893941 0.02047254 0.02749391 0.02232100 0.02177522 0.02002084 0.01731133 0.02311913 0.01839446 0.02169041 0.019010060 0.015843670 0.01638651 0.016123776 0.014549971 0.010839164 0.011589236 0.009034668 0.006849230 0.004447565 0.004782711 0.0018661309 2.814958e-03 1.076315e-03 3.922656e-04 0.0006496960
   77    1      2      0    0  5000 5.304848e-04 0.0018900315 0.017089464 0.04218341 0.04303034 0.016306885 0.012239657 0.02620871 0.05231408 0.06163133 0.05859641 0.03952654 0.03665573 0.03398978 0.04282231 0.03968704 0.04676270 0.04025345 0.03088504 0.03079444 0.02671676 0.02373377 0.02541769 0.02369174 0.02135798 0.01919670 0.01952779 0.01905283 0.01897260 0.019262551 0.016541138 0.01663813 0.013607604 0.011413860 0.010468219 0.010001096 0.007519681 0.007149521 0.003736581 0.003514889 0.0018517401 1.764909e-03 1.687751e-03 2.507973e-03 0.0012686503
   78    1      2      0    0  5000 2.211758e-04 0.0025597782 0.023297479 0.06879765 0.06447175 0.020460567 0.008476084 0.02033611 0.03181739 0.04870848 0.04322341 0.04074322 0.03181016 0.03981389 0.04679475 0.03930841 0.04321064 0.03258289 0.03746166 0.03047376 0.03468017 0.03085726 0.02780373 0.02601565 0.02354370 0.02001283 0.01923343 0.01649973 0.01792152 0.014632962 0.013052931 0.01178373 0.013235499 0.011333703 0.009459194 0.006891540 0.008060015 0.006072752 0.003763403 0.003551569 0.0030255361 1.577057e-03 1.106185e-03 8.846160e-04 0.0004320144
   79    1      2      0    0  5000 6.264941e-06 0.0029309869 0.025885054 0.07095733 0.07495741 0.026906923 0.016163029 0.02314185 0.05085821 0.07118207 0.06079000 0.04529925 0.03228555 0.02836565 0.03088682 0.02918781 0.02930306 0.02957338 0.02771994 0.02579613 0.02977243 0.02531407 0.02668074 0.02148445 0.02012017 0.02048311 0.01816799 0.01545226 0.01459340 0.016668525 0.014663611 0.01267611 0.010826522 0.011024243 0.008236617 0.005839657 0.006575635 0.005416751 0.003354486 0.003718730 0.0030829119 1.238891e-03 1.223395e-03 6.597297e-04 0.0005288310
   80    1      2      0    0  5000 2.780428e-04 0.0040787273 0.027157917 0.07095711 0.07519846 0.031426703 0.014073954 0.02733902 0.05792117 0.07488322 0.06441326 0.04587151 0.03761398 0.03551917 0.03598852 0.03578626 0.03252249 0.02919246 0.02204269 0.02267353 0.02215395 0.02311158 0.02205731 0.01751661 0.01933717 0.01817200 0.01706017 0.01786252 0.01282113 0.012692819 0.016250331 0.01024201 0.008672893 0.006370834 0.006203380 0.005421261 0.005482819 0.004098729 0.001505436 0.003445354 0.0014282944 1.291265e-03 2.614661e-04 2.230699e-04 0.0013794012
25 #_N_agebins
#_agebin_vector
1 2 3 4 5 6 7 8 9 10 11 12 13 14 15 16 17 18 19 20 21 22 23 24 25
1 #_N_ageerror_definitions
 #_age0   age1   age2   age3   age4   age5   age6   age7   age8   age9  age10  age11  age12  age13  age14  age15  age16  age17  age18  age19  age20  age21  age22  age23  age24  age25
 -1.000 -1.000 -1.000 -1.000 -1.000 -1.000 -1.000 -1.000 -1.000 -1.000 -1.000 -1.000 -1.000 -1.000 -1.000 -1.000 -1.000 -1.000 -1.000 -1.000 -1.000 -1.000 -1.000 -1.000 -1.000 -1.000
  0.001  0.001  0.001  0.001  0.001  0.001  0.001  0.001  0.001  0.001  0.001  0.001  0.001  0.001  0.001  0.001  0.001  0.001  0.001  0.001  0.001  0.001  0.001  0.001  0.001  0.001
55 #_N_agecomp
3 #_Lbin_method: 1=poplenbins; 2=datalenbins; 3=lengths
-1 #_combine males into females at or below this bin number
 #_Yr Seas FltSvy Gender Part Ageerr Lbin_lo Lbin_hi Nsamp         a1        a2         a3         a4         a5         a6         a7         a8          a9         a10         a11         a12         a13         a14         a15         a16          a17          a18          a19          a20          a21          a22          a23          a24          a25
   26    1      2      0    0      1      -1      -1  5000 0.12642133 0.2491865 0.13612863 0.08839305 0.11397665 0.05683647 0.04511251 0.03046613 0.021400612 0.013055685 0.026497582 0.012767268 0.012782990 0.016072895 0.010821025 0.009253663 0.0081679711 0.0053484395 2.332352e-03 2.564436e-03 1.255100e-03 1.514704e-03 2.844420e-03 7.253994e-04 6.074192e-03
   27    1      2      0    0      1      -1      -1  5000 0.05748554 0.2247441 0.20737821 0.11416282 0.06623523 0.09370753 0.04595805 0.03811866 0.025941270 0.020390046 0.010635985 0.022481972 0.011238693 0.011731609 0.011928669 0.009253235 0.0068900510 0.0057906361 2.453586e-03 2.612476e-03 1.630402e-03 1.481912e-03 6.983840e-04 1.435247e-03 5.615695e-03
   28    1      2      0    0      1      -1      -1  5000 0.08055623 0.1088452 0.19070826 0.17772463 0.09310160 0.05632314 0.08268081 0.04199272 0.034659250 0.022783698 0.016950180 0.012325355 0.019093853 0.006708611 0.010327979 0.011634316 0.0064335570 0.0068632702 7.357228e-03 2.298664e-03 2.501643e-03 1.378879e-03 9.214580e-04 9.398587e-04 4.889651e-03
   29    1      2      0    0      1      -1      -1  5000 0.07335516 0.1387511 0.09744680 0.17269971 0.14722234 0.08538040 0.04853241 0.06970484 0.038276938 0.027343553 0.015854613 0.011449028 0.008703463 0.014621666 0.007016792 0.007545521 0.0088824488 0.0057671796 4.920995e-03 5.615737e-03 1.210337e-03 1.712442e-03 2.141955e-03 8.965958e-04 4.947935e-03
   30    1      2      0    0      1      -1      -1  5000 0.10893988 0.1437414 0.12831541 0.07725664 0.12728350 0.12284751 0.06696583 0.03520505 0.056997406 0.029043387 0.020650403 0.014548743 0.010641813 0.005661483 0.011640874 0.006113727 0.0065458101 0.0067451051 3.666368e-03 2.978071e-03 4.079133e-03 1.692639e-03 1.607164e-03 8.893655e-04 5.943316e-03
   31    1      2      0    0      1      -1      -1  5000 0.12357198 0.1875196 0.10651259 0.09026220 0.06043235 0.09651984 0.09738715 0.06000116 0.026133414 0.047697377 0.021413800 0.018705509 0.009337081 0.007131910 0.004188984 0.008970113 0.0046611955 0.0067069211 4.368710e-03 3.855076e-03 2.168163e-03 4.520516e-03 2.252308e-03 1.298890e-03 4.383151e-03
   32    1      2      0    0      1      -1      -1  5000 0.14743168 0.2027108 0.13781083 0.07935440 0.06852381 0.04554349 0.07146352 0.07636891 0.040286477 0.021756045 0.035516243 0.014009452 0.011899068 0.007542829 0.005909729 0.002879822 0.0049775193 0.0025809238 4.597561e-03 4.496595e-03 3.092141e-03 2.168899e-03 2.747649e-03 9.930728e-04 5.338575e-03
   33    1      2      0    0      1      -1      -1  5000 0.13836508 0.2426539 0.14049741 0.10622620 0.05994698 0.05305631 0.03468558 0.05217983 0.049645751 0.029018338 0.017049909 0.022484876 0.011991229 0.007642751 0.005545466 0.006965106 0.0012617173 0.0043521819 2.705763e-03 2.174902e-03 2.801659e-03 2.519325e-03 1.717163e-03 1.739320e-03 2.773238e-03
   34    1      2      0    0      1      -1      -1  5000 0.16579134 0.2292231 0.15969508 0.10532149 0.07351456 0.04164033 0.03521812 0.02410014 0.038870271 0.035845189 0.019121714 0.010825033 0.014259245 0.007882862 0.009497974 0.004339285 0.0047857483 0.0044687762 5.600337e-03 1.313595e-03 1.751319e-03 1.707879e-03 8.861383e-04 1.490476e-03 2.849963e-03
   35    1      2      0    0      1      -1      -1  5000 0.12414302 0.2667214 0.17168052 0.12015427 0.06939666 0.05478939 0.03127961 0.02954921 0.015453537 0.025638958 0.026639450 0.016095033 0.006972519 0.012779560 0.005471785 0.005147409 0.0031257021 0.0024697855 1.247505e-03 3.443670e-03 2.059084e-03 4.007732e-04 1.735026e-03 9.129789e-04 2.693183e-03
   36    1      2      0    0      1      -1      -1  5000 0.10704561 0.2240254 0.21524034 0.12726519 0.09136897 0.05810882 0.03642348 0.02312278 0.019156059 0.011724452 0.018441069 0.020149297 0.010399540 0.006093219 0.008791679 0.004246704 0.0026699476 0.0041008571 2.388287e-03 8.277259e-04 8.780883e-04 1.188034e-03 4.081615e-04 1.945518e-03 3.990787e-03
   37    1      2      0    0      1      -1      -1  5000 0.09309573 0.1914971 0.17447368 0.15738066 0.10894599 0.07465539 0.04510549 0.03250992 0.018364488 0.018506362 0.010102050 0.018318628 0.015247948 0.007618517 0.007050457 0.006492634 0.0035562493 0.0029426245 1.903754e-03 1.192335e-03 1.671456e-03 1.510573e-03 1.127388e-03 4.488195e-04 6.281806e-03
   38    1      2      0    0      1      -1      -1  5000 0.07371601 0.1791902 0.15912573 0.15434633 0.12869966 0.08733931 0.06309277 0.03945942 0.026320886 0.013082131 0.012011100 0.008285741 0.012633454 0.010665262 0.005647684 0.003807341 0.0062212990 0.0034489125 2.465763e-03 1.254491e-03 1.432508e-03 8.421083e-04 1.553742e-03 7.117618e-04 4.646370e-03
   39    1      2      0    0      1      -1      -1  5000 0.06851439 0.1361240 0.15119682 0.13117868 0.12919607 0.11774188 0.07010883 0.05507987 0.028435615 0.022566035 0.015599544 0.017579390 0.006386401 0.011210188 0.011556759 0.006138295 0.0046016684 0.0031169967 1.885243e-03 2.274699e-03 1.915915e-03 4.735907e-04 9.306874e-04 1.852052e-03 4.336419e-03
   40    1      2      0    0      1      -1      -1  5000 0.08333183 0.1436236 0.11507555 0.12323989 0.10753613 0.10435708 0.10325980 0.05709656 0.046834445 0.024876910 0.022537373 0.009242034 0.013585982 0.006410214 0.008230317 0.008606485 0.0042389184 0.0031245104 3.745762e-03 3.078415e-03 1.034020e-03 6.653253e-04 7.445822e-04 8.147037e-04 4.709560e-03
   41    1      2      0    0      1      -1      -1  5000 0.09861398 0.1590902 0.12654050 0.08875431 0.10282648 0.08442645 0.08557692 0.07885591 0.050441848 0.035323124 0.025119783 0.014657651 0.007773755 0.007870471 0.005310307 0.006727145 0.0056970818 0.0043598654 2.315208e-03 3.367757e-03 1.504866e-03 9.623971e-04 6.802470e-04 2.477667e-04 2.955998e-03
   42    1      2      0    0      1      -1      -1  5000 0.11461998 0.1729534 0.12456106 0.08386340 0.07734500 0.07816230 0.07044236 0.06940191 0.059252605 0.042775531 0.025647727 0.015934928 0.011799069 0.010064167 0.008184517 0.005233951 0.0062207451 0.0062604254 1.701275e-03 2.624174e-03 3.224957e-03 2.759036e-03 1.834724e-03 5.060129e-04 4.626807e-03
   43    1      2      0    0      1      -1      -1  5000 0.07294342 0.1994721 0.14717890 0.10333256 0.07734556 0.06070261 0.06514248 0.05448399 0.055908327 0.048114770 0.030399640 0.026441876 0.013890020 0.011014225 0.005648967 0.004066234 0.0038467824 0.0040716546 4.136889e-03 3.047847e-03 1.652489e-03 2.217001e-03 5.590752e-04 6.077706e-04 3.774818e-03
   44    1      2      0    0      1      -1      -1  5000 0.09052907 0.1528081 0.16703990 0.10862334 0.07899158 0.06457596 0.05260687 0.05691730 0.046088561 0.050717132 0.043479656 0.023516787 0.018031384 0.009635584 0.006750462 0.004225775 0.0036588775 0.0026730050 4.110689e-03 4.264043e-03 2.788880e-03 1.009197e-03 1.711069e-03 9.564491e-04 4.290289e-03
   45    1      2      0    0      1      -1      -1  5000 0.17711171 0.1517419 0.11844061 0.12165160 0.08675968 0.05856164 0.04338692 0.03118666 0.041772179 0.034553489 0.038817004 0.030326027 0.017316117 0.011318509 0.010348733 0.006335260 0.0033606822 0.0019935452 1.661778e-03 2.122546e-03 3.836475e-03 1.240997e-03 1.059938e-03 1.305604e-03 3.790365e-03
   46    1      2      0    0      1      -1      -1  5000 0.18589603 0.2725573 0.09774466 0.07444887 0.08752507 0.05047929 0.03900760 0.03088103 0.021884973 0.029003223 0.019323721 0.022177359 0.022294864 0.011903279 0.006939282 0.005313281 0.0047191926 0.0042807723 3.913064e-03 1.357388e-03 1.477345e-03 1.737218e-03 6.703544e-04 8.361102e-04 3.628741e-03
   47    1      2      0    0      1      -1      -1  5000 0.24933461 0.2705012 0.16838755 0.05744091 0.04228136 0.04418253 0.03363847 0.02554636 0.015749154 0.012172982 0.014094850 0.013167277 0.016630975 0.010209182 0.007329676 0.005213666 0.0031462094 0.0027520506 1.633575e-03 6.701707e-04 5.574097e-04 1.142443e-03 8.309985e-04 1.181040e-03 2.205344e-03
   48    1      2      0    0      1      -1      -1  5000 0.17529204 0.3552472 0.15400739 0.10750098 0.03882080 0.02514193 0.03033646 0.02618478 0.013909864 0.010042323 0.010679661 0.011005489 0.008967423 0.009487030 0.007224247 0.004962997 0.0033386239 0.0013538672 8.862441e-04 8.148710e-04 4.995671e-04 5.327997e-04 1.203023e-03 3.467103e-04 2.213665e-03
   49    1      2      0    0      1      -1      -1  5000 0.14411795 0.2700038 0.26168487 0.11349450 0.07145989 0.02422563 0.01947374 0.02116836 0.012277001 0.011743470 0.010525341 0.005256695 0.007115297 0.007293224 0.005386187 0.003927240 0.0026234276 0.0024179734 1.892374e-03 7.449767e-04 7.331400e-04 6.065954e-05 3.686228e-04 9.627301e-05 1.909359e-03
   50    1      2      0    0      1      -1      -1  5000 0.13987845 0.2364750 0.20232472 0.18412966 0.08192770 0.05122607 0.01754572 0.01691031 0.015435633 0.010559629 0.007703342 0.004306277 0.006407903 0.004543703 0.004304425 0.002865925 0.0046053922 0.0015313200 1.747753e-03 1.556095e-04 1.128976e-03 2.499146e-04 2.802383e-04 1.633578e-04 3.592991e-03
   51    1      2      0    0      1      -1      -1  5000 0.10579241 0.2322336 0.18220355 0.15487133 0.14561169 0.06192797 0.04082232 0.01421760 0.006337931 0.013756874 0.008386599 0.005079212 0.004359644 0.004596621 0.004792900 0.003900439 0.0035289222 0.0028239291 1.891804e-03 4.310238e-04 4.605173e-04 6.545828e-04 6.488501e-05 1.359277e-04 1.117754e-03
   52    1      2      0    0      1      -1      -1  5000 0.09416650 0.1832804 0.18284576 0.15273377 0.12024181 0.11490164 0.05154810 0.03553847 0.011765545 0.007529562 0.010391680 0.008234690 0.004697781 0.002245854 0.003532588 0.003580227 0.0031502190 0.0022906395 3.393970e-03 7.599268e-04 1.117557e-03 2.442472e-04 3.069266e-04 3.299580e-04 1.172182e-03
   53    1      2      0    0      1      -1      -1  5000 0.19203282 0.1602122 0.13532189 0.14045116 0.11291037 0.08146954 0.08113599 0.03190091 0.022339830 0.008245827 0.007094812 0.007126639 0.004770448 0.004110936 0.001730248 0.001062713 0.0010619307 0.0015122386 1.066725e-03 1.280779e-03 6.719394e-04 9.269996e-04 5.399990e-04 2.055835e-04 8.174713e-04
   54    1      2      0    0      1      -1      -1  5000 0.13809751 0.3020230 0.10459058 0.09314360 0.09691472 0.07634021 0.05911764 0.05713603 0.028200925 0.013420413 0.005711762 0.004799710 0.004454462 0.003313913 0.003359428 0.001842651 0.0010171719 0.0011262848 1.238970e-03 1.075439e-03 9.131681e-04 4.777511e-04 4.077859e-04 8.667217e-04 4.101267e-04
   55    1      2      0    0      1      -1      -1  5000 0.19682049 0.2256124 0.20835688 0.07474293 0.06062865 0.06258751 0.05081797 0.03724940 0.037362592 0.017666331 0.008235816 0.004052960 0.002379693 0.003312888 0.001590347 0.001015869 0.0009339330 0.0008979364 6.126687e-04 9.184746e-04 8.251590e-04 6.184391e-04 6.782014e-04 4.957087e-04 1.586758e-03
   56    1      2      0    0      1      -1      -1  5000 0.12157965 0.2995869 0.16469062 0.14916004 0.05156148 0.04992685 0.04595615 0.03481084 0.026095650 0.025253709 0.010918902 0.006023165 0.002723259 0.002641355 0.002299644 0.001070258 0.0012679829 0.0007933079 4.667053e-04 6.781623e-04 7.837510e-04 5.009715e-04 3.402367e-04 3.747014e-04 4.957281e-04
   57    1      2      0    0      1      -1      -1  5000 0.08173905 0.2234582 0.23322561 0.12562094 0.11811221 0.03866303 0.03498948 0.03573273 0.029151280 0.026964994 0.023004184 0.010012405 0.006308263 0.003684160 0.001123704 0.001567873 0.0013563959 0.0007659713 3.875828e-04 4.445671e-04 9.989475e-04 9.864416e-04 6.400512e-05 5.736336e-04 1.064305e-03
   58    1      2      0    0      1      -1      -1  5000 0.10393119 0.1451240 0.18976378 0.20169471 0.10253485 0.09392118 0.03405749 0.02487829 0.027623995 0.023570217 0.017069453 0.013732160 0.006946873 0.005843590 0.001402163 0.001167018 0.0016705955 0.0020634331 5.313111e-04 8.383475e-04 1.163967e-04 1.404968e-04 2.622333e-04 3.160554e-04 8.001759e-04
   59    1      2      0    0      1      -1      -1  5000 0.15470919 0.1607508 0.11402131 0.14185661 0.15325702 0.07544818 0.06626399 0.02720069 0.019224467 0.021115774 0.022596920 0.017459318 0.011584595 0.003646484 0.004215357 0.001188740 0.0007796268 0.0008504667 1.022085e-03 5.568162e-04 2.090608e-04 1.406825e-04 4.508249e-04 2.438691e-04 1.207108e-03
   60    1      2      0    0      1      -1      -1  5000 0.19051641 0.2343761 0.11851380 0.07622747 0.09325041 0.09706046 0.05607813 0.04997499 0.016161460 0.015661521 0.012876768 0.010487693 0.010928466 0.006599621 0.004787305 0.001169965 0.0006887700 0.0001820835 8.188818e-04 1.660135e-03 2.811035e-04 3.461543e-04 1.999906e-04 2.925393e-04 8.597489e-04
   61    1      2      0    0      1      -1      -1  5000 0.23560320 0.2610670 0.14821044 0.07084616 0.05091016 0.06096435 0.06578275 0.02984910 0.024672988 0.009914231 0.009596199 0.009336911 0.008503310 0.004243822 0.004348470 0.001526622 0.0020865736 0.0001134833 5.610163e-04 2.877655e-04 4.894393e-04 1.707567e-04 9.374371e-07 1.345064e-04 7.797874e-04
   62    1      2      0    0      1      -1      -1  5000 0.11937245 0.3495546 0.18537432 0.10246518 0.05370525 0.03162601 0.04086809 0.03875156 0.020926058 0.023616929 0.004150970 0.006436341 0.005712295 0.003844971 0.004244077 0.004106042 0.0019376395 0.0018144613 6.595387e-05 4.328183e-04 2.578051e-04 5.233482e-05 2.024760e-06 2.144089e-06 6.797227e-04
   63    1      2      0    0      1      -1      -1  5000 0.18741232 0.1865391 0.26330042 0.12381586 0.06674089 0.03150996 0.02500473 0.02992121 0.028870848 0.015115568 0.012663605 0.004002599 0.004802858 0.003385331 0.005072270 0.003813141 0.0038029559 0.0019524992 8.198459e-04 4.169796e-05 1.602395e-04 4.287904e-04 4.460690e-04 1.118081e-05 3.660216e-04
   64    1      2      0    0      1      -1      -1  5000 0.14355082 0.3102659 0.13155995 0.17059074 0.08438891 0.04344780 0.02255158 0.01417951 0.020057137 0.018476921 0.011591383 0.011508191 0.003325579 0.003358389 0.004846364 0.001947633 0.0008684738 0.0014145738 9.406729e-04 4.791061e-04 1.464315e-04 1.436631e-04 6.222402e-05 6.952442e-06 2.911333e-04
   65    1      2      0    0      1      -1      -1  5000 0.13894478 0.2233468 0.22586017 0.09081367 0.13893229 0.06077132 0.03453039 0.01645154 0.010919706 0.014366138 0.015767007 0.007067251 0.004752105 0.002180684 0.004195113 0.002146826 0.0041159424 0.0025434886 1.036046e-03 8.731499e-04 3.908718e-05 1.962226e-05 6.578193e-05 1.223198e-05 2.488370e-04
   66    1      2      0    0      1      -1      -1  5000 0.14905777 0.2296426 0.16228142 0.16703488 0.06629428 0.09685018 0.04449095 0.02388704 0.013907001 0.009487462 0.011249445 0.008677527 0.005673454 0.003784673 0.001600357 0.000906207 0.0017513097 0.0007855093 7.685885e-04 6.412486e-04 6.150662e-04 2.819791e-04 1.352097e-05 6.865631e-06 3.106614e-04
   67    1      2      0    0      1      -1      -1  5000 0.11970946 0.2535001 0.16640509 0.11941616 0.11648285 0.05122296 0.06847275 0.03839759 0.021353135 0.009184802 0.006499598 0.006441822 0.007616877 0.005548544 0.002972523 0.001989038 0.0011247902 0.0017288540 8.036265e-04 2.243161e-04 3.229992e-04 1.530111e-04 3.056901e-04 4.266178e-05 8.072194e-05
   68    1      2      0    0      1      -1      -1  5000 0.07361751 0.2112539 0.21671880 0.12838325 0.09688023 0.09832561 0.04203461 0.04690258 0.031165452 0.012405827 0.008852805 0.005585531 0.008031964 0.006967341 0.003383980 0.003424124 0.0014873917 0.0019952898 6.889595e-04 9.462320e-04 5.591270e-04 1.464151e-04 5.841404e-06 6.342596e-05 1.737760e-04
   69    1      2      0    0      1      -1      -1  5000 0.09777566 0.1389342 0.18180949 0.17019858 0.10910047 0.07830278 0.07781863 0.03421350 0.046913055 0.023630244 0.010989407 0.004879157 0.004212194 0.005595532 0.005752397 0.002585658 0.0042869261 0.0007223865 9.787965e-04 1.571401e-04 4.175302e-04 1.153544e-04 1.726301e-04 1.473424e-04 2.909850e-04
   70    1      2      0    0      1      -1      -1  5000 0.11387890 0.1625074 0.11470063 0.14538733 0.13981647 0.08410160 0.06270123 0.06624849 0.027219002 0.028928843 0.020039403 0.008868202 0.003770585 0.003168139 0.006965553 0.004523881 0.0020868853 0.0011703477 8.355082e-04 3.536917e-04 4.433204e-04 3.444060e-04 3.414953e-04 4.356308e-04 1.163062e-03
   71    1      2      0    0      1      -1      -1  5000 0.10665206 0.2006656 0.12789871 0.08925624 0.11129595 0.10219450 0.07086088 0.05390103 0.046656629 0.019579617 0.029162439 0.012864639 0.006570908 0.004208922 0.003500925 0.003191696 0.0043599638 0.0019343364 1.623145e-03 4.548647e-04 3.342262e-04 1.804970e-03 1.904742e-04 2.220191e-04 6.152491e-04
   72    1      2      0    0      1      -1      -1  5000 0.10970160 0.1892600 0.15040960 0.10014188 0.06971852 0.08491020 0.08158622 0.06035510 0.039917681 0.036706929 0.018159169 0.024404309 0.010629760 0.006990585 0.003735442 0.003694285 0.0021327420 0.0035534646 4.918380e-04 1.085235e-03 9.891077e-04 1.438497e-04 3.379184e-04 8.267416e-05 8.618983e-04
   73    1      2      0    0      1      -1      -1  5000 0.14219651 0.1636597 0.15036386 0.12609523 0.07317867 0.05793241 0.06505924 0.06020625 0.045554803 0.026280556 0.032750849 0.014097271 0.016945408 0.009162080 0.005604215 0.003473954 0.0010418411 0.0015580320 1.905935e-03 1.090538e-03 3.892680e-04 4.197244e-05 9.825166e-05 8.218659e-04 4.913114e-04
   74    1      2      0    0      1      -1      -1  5000 0.13221796 0.2298757 0.12749845 0.11208224 0.09883846 0.05495928 0.03681052 0.05068063 0.044238040 0.026389430 0.019085713 0.019828732 0.011289857 0.014096980 0.008273541 0.004512609 0.0024107394 0.0008368387 2.130099e-03 1.239507e-03 8.411688e-04 7.254821e-04 2.181013e-04 3.121686e-04 6.077291e-04
   75    1      2      0    0      1      -1      -1  5000 0.15525461 0.2218617 0.16983361 0.09626626 0.07133486 0.06862179 0.03907770 0.02759327 0.036304451 0.033948330 0.021531482 0.015103089 0.014150904 0.005307810 0.010240544 0.004109933 0.0026374384 0.0009181783 1.257068e-03 6.331992e-04 5.836729e-04 1.717370e-03 7.511290e-04 5.932343e-04 3.683619e-04
   76    1      2      0    0      1      -1      -1  5000 0.14813391 0.2563696 0.15507110 0.11108043 0.07178804 0.05604077 0.04196987 0.03121686 0.023146111 0.019577088 0.021844234 0.014140242 0.013532962 0.011914200 0.005129827 0.008141087 0.0045383011 0.0020129602 9.679654e-04 3.804960e-04 7.907923e-04 6.341128e-04 3.011959e-04 5.197823e-04 7.580266e-04
   77    1      2      0    0      1      -1      -1  5000 0.11992332 0.2675776 0.19058289 0.11617335 0.08141472 0.04232212 0.03586751 0.03298611 0.022459586 0.013977250 0.017413222 0.017660424 0.011954372 0.007944724 0.007168682 0.004591466 0.0038139336 0.0028299641 8.681859e-04 4.945012e-04 4.362996e-04 1.900967e-04 5.069181e-04 1.269840e-04 7.157672e-04
   78    1      2      0    0      1      -1      -1  5000 0.18466434 0.1988908 0.18380136 0.13205638 0.08412015 0.05697780 0.02950048 0.02810198 0.021346349 0.012828154 0.011788328 0.013187900 0.012360543 0.008561213 0.006125403 0.005789001 0.0021745516 0.0039305186 1.053824e-03 9.534912e-04 1.037001e-04 1.780310e-04 2.272298e-04 3.146673e-04 9.638153e-04
   79    1      2      0    0      1      -1      -1  5000 0.19516563 0.2733791 0.13206599 0.11829627 0.08982741 0.05199733 0.03118492 0.02162050 0.016519273 0.013470065 0.009153797 0.008542569 0.009849700 0.007348470 0.005857460 0.003417931 0.0053071738 0.0013325256 2.001278e-03 1.095783e-03 1.006005e-03 5.234026e-04 1.067207e-04 5.930811e-04 3.376371e-04
   80    1      2      0    0      1      -1      -1  5000 0.21564103 0.2747922 0.18006646 0.08092892 0.07412575 0.05527861 0.03623919 0.02390495 0.011270091 0.008873806 0.007072753 0.005818789 0.003330827 0.004966225 0.004494770 0.004138125 0.0019411755 0.0025297396 4.647057e-04 1.825808e-03 5.351821e-04 2.920135e-04 2.668527e-05 2.026475e-04 1.239524e-03
0 #_N_MeanSize_at_Age_obs
0 #_N_environ_variables
0 #_N_environ_obs
0 #_N_sizefreq_methods
0 #_do_tags
0 #_morphcomp_data
#
999
