#C data file created using the SS_writedat function in the R package r4ss
#C should work with SS version: 
#C file write time: 2015-12-01 12:51:32
#
1 #_styr
100 #_endyr
1 #_nseas
12 #_months_per_seas
1 #_spawn_seas
1 #_Nfleet
2 #_Nsurveys
1 #_N_areas
Fishery%Survey%CPUE #_fleetnames
0.5 0.5 0.5 #_surveytiming_in_season
1 1 1 #_area_assignments_for_each_fishery_and_survey
1 #_units of catch:  1=bio; 2=num
0.01 #_se of log(catch) only used for init_eq_catch and for Fmethod 2 and 3
1 #_Ngenders
25 #_Nages
0 #_init_equil_catch_for_each_fishery
100 #_N_lines_of_catch_to_read
 #_Fishery year seas
         0    1    1
         0    2    1
         0    3    1
         0    4    1
         0    5    1
         0    6    1
         0    7    1
         0    8    1
         0    9    1
         0   10    1
         0   11    1
         0   12    1
         0   13    1
         0   14    1
         0   15    1
         0   16    1
         0   17    1
         0   18    1
         0   19    1
         0   20    1
         0   21    1
         0   22    1
         0   23    1
         0   24    1
         0   25    1
 570604000   26    1
 512920000   27    1
 458063000   28    1
 407647000   29    1
 360321000   30    1
 317079000   31    1
 280305000   32    1
 253481000   33    1
 234572000   34    1
 222190000   35    1
 213708000   36    1
 204679000   37    1
 194437000   38    1
 183375000   39    1
 172697000   40    1
 165445000   41    1
 162896000   42    1
 162893000   43    1
 163460000   44    1
 165357000   45    1
 168865000   46    1
 171114000   47    1
 170597000   48    1
 168820000   49    1
 168056000   50    1
 167898000   51    1
 169983000   52    1
 173994000   53    1
 176944000   54    1
 178943000   55    1
 177876000   56    1
 177745000   57    1
 184264000   58    1
 192528000   59    1
 197438000   60    1
 199981000   61    1
 200385000   62    1
 206159000   63    1
 214267000   64    1
 223883000   65    1
 232227000   66    1
 235659000   67    1
 234839000   68    1
 227684000   69    1
 219429000   70    1
 212130000   71    1
 212534000   72    1
 218730000   73    1
 224292000   74    1
 228828000   75    1
 228875000   76    1
 222839000   77    1
 213470000   78    1
 202191000   79    1
 190815000   80    1
         0   81    1
         0   82    1
         0   83    1
         0   84    1
         0   85    1
         0   86    1
         0   87    1
         0   88    1
         0   89    1
         0   90    1
         0   91    1
         0   92    1
         0   93    1
         0   94    1
         0   95    1
         0   96    1
         0   97    1
         0   98    1
         0   99    1
         0  100    1
55 #_N_cpue
 #_Fleet Units Errtype
       1     1       0
       2     1       0
       3     1       0
 #_year seas index        obs se_log
     26    1     2 4708870000    0.2
     27    1     2 4235150000    0.2
     28    1     2 3783230000    0.2
     29    1     2 3364900000    0.2
     30    1     2 2973650000    0.2
     31    1     2 2619290000    0.2
     32    1     2 2321430000    0.2
     33    1     2 2101660000    0.2
     34    1     2 1946090000    0.2
     35    1     2 1843620000    0.2
     36    1     2 1769900000    0.2
     37    1     2 1693450000    0.2
     38    1     2 1608770000    0.2
     39    1     2 1518020000    0.2
     40    1     2 1433070000    0.2
     41    1     2 1376440000    0.2
     42    1     2 1355040000    0.2
     43    1     2 1353290000    0.2
     44    1     2 1358980000    0.2
     45    1     2 1376370000    0.2
     46    1     2 1403220000    0.2
     47    1     2 1418880000    0.2
     48    1     2 1414870000    0.2
     49    1     2 1402680000    0.2
     50    1     2 1396600000    0.2
     51    1     2 1396960000    0.2
     52    1     2 1415460000    0.2
     53    1     2 1446080000    0.2
     54    1     2 1469710000    0.2
     55    1     2 1483740000    0.2
     56    1     2 1477240000    0.2
     57    1     2 1484360000    0.2
     58    1     2 1537170000    0.2
     59    1     2 1598980000    0.2
     60    1     2 1638670000    0.2
     61    1     2 1659590000    0.2
     62    1     2 1670610000    0.2
     63    1     2 1719280000    0.2
     64    1     2 1785270000    0.2
     65    1     2 1862940000    0.2
     66    1     2 1927150000    0.2
     67    1     2 1953840000    0.2
     68    1     2 1943100000    0.2
     69    1     2 1885950000    0.2
     70    1     2 1820100000    0.2
     71    1     2 1767300000    0.2
     72    1     2 1773490000    0.2
     73    1     2 1819180000    0.2
     74    1     2 1863560000    0.2
     75    1     2 1897840000    0.2
     76    1     2 1893750000    0.2
     77    1     2 1843850000    0.2
     78    1     2 1766750000    0.2
     79    1     2 1674030000    0.2
     80    1     2 1581030000    0.2
0 #_N_discard_fleets
#_discard_units (1=same_as_catchunits(bio/num); 2=fraction; 3=numbers)
#_discard_errtype:  >0 for DF of T-dist(read CV below); 0 for normal with CV; -1 for normal with se; -2 for lognormal
0 #_N_discard
0 #_N_meanbodywt
1 #_DF_for_meanbodywt_T-distribution_like
2 # length bin method: 1=use databins; 2=generate from binwidth,min,max below; 3=read vector
1 # binwidth for population size comp
10 # minimum size in the population (lower edge of first bin and size at age 0.00)
200 # maximum size in the population (lower edge of last bin)
-1 #_comp_tail_compression
1e-10 #_add_to_comp
-1 #_combine males into females at or below this bin number
45 #_N_lbins
#_lbin_vector
20 23 26 29 32 35 38 41 44 47 50 53 56 59 62 65 68 71 74 77 80 83 86 89 92 95 98 101 104 107 110 113 116 119 122 125 128 131 134 137 140 143 146 149 152
55 #_N_Length_comp_observations
 #_Yr Seas Flt Gender Part Nsamp l20 l23 l26 l29 l32 l35 l38 l41 l44 l47 l50 l53 l56 l59 l62 l65 l68 l71 l74 l77 l80 l83 l86 l89 l92 l95 l98 l101 l104 l107 l110 l113 l116 l119 l122 l125 l128 l131 l134 l137 l140 l143 l146 l149 l152
   26    1   2      0    0    10   1   1   1   1   1   1   1   1   1   1   1   1   1   1   1   1   1   1   1   1   1   1   1   1   1   1   1    1    1    1    1    1    1    1    1    1    1    1    1    1    1    1    1    1    1
   27    1   2      0    0    10   1   1   1   1   1   1   1   1   1   1   1   1   1   1   1   1   1   1   1   1   1   1   1   1   1   1   1    1    1    1    1    1    1    1    1    1    1    1    1    1    1    1    1    1    1
   28    1   2      0    0    10   1   1   1   1   1   1   1   1   1   1   1   1   1   1   1   1   1   1   1   1   1   1   1   1   1   1   1    1    1    1    1    1    1    1    1    1    1    1    1    1    1    1    1    1    1
   29    1   2      0    0    10   1   1   1   1   1   1   1   1   1   1   1   1   1   1   1   1   1   1   1   1   1   1   1   1   1   1   1    1    1    1    1    1    1    1    1    1    1    1    1    1    1    1    1    1    1
   30    1   2      0    0    10   1   1   1   1   1   1   1   1   1   1   1   1   1   1   1   1   1   1   1   1   1   1   1   1   1   1   1    1    1    1    1    1    1    1    1    1    1    1    1    1    1    1    1    1    1
   31    1   2      0    0    10   1   1   1   1   1   1   1   1   1   1   1   1   1   1   1   1   1   1   1   1   1   1   1   1   1   1   1    1    1    1    1    1    1    1    1    1    1    1    1    1    1    1    1    1    1
   32    1   2      0    0    10   1   1   1   1   1   1   1   1   1   1   1   1   1   1   1   1   1   1   1   1   1   1   1   1   1   1   1    1    1    1    1    1    1    1    1    1    1    1    1    1    1    1    1    1    1
   33    1   2      0    0    10   1   1   1   1   1   1   1   1   1   1   1   1   1   1   1   1   1   1   1   1   1   1   1   1   1   1   1    1    1    1    1    1    1    1    1    1    1    1    1    1    1    1    1    1    1
   34    1   2      0    0    10   1   1   1   1   1   1   1   1   1   1   1   1   1   1   1   1   1   1   1   1   1   1   1   1   1   1   1    1    1    1    1    1    1    1    1    1    1    1    1    1    1    1    1    1    1
   35    1   2      0    0    10   1   1   1   1   1   1   1   1   1   1   1   1   1   1   1   1   1   1   1   1   1   1   1   1   1   1   1    1    1    1    1    1    1    1    1    1    1    1    1    1    1    1    1    1    1
   36    1   2      0    0    10   1   1   1   1   1   1   1   1   1   1   1   1   1   1   1   1   1   1   1   1   1   1   1   1   1   1   1    1    1    1    1    1    1    1    1    1    1    1    1    1    1    1    1    1    1
   37    1   2      0    0    10   1   1   1   1   1   1   1   1   1   1   1   1   1   1   1   1   1   1   1   1   1   1   1   1   1   1   1    1    1    1    1    1    1    1    1    1    1    1    1    1    1    1    1    1    1
   38    1   2      0    0    10   1   1   1   1   1   1   1   1   1   1   1   1   1   1   1   1   1   1   1   1   1   1   1   1   1   1   1    1    1    1    1    1    1    1    1    1    1    1    1    1    1    1    1    1    1
   39    1   2      0    0    10   1   1   1   1   1   1   1   1   1   1   1   1   1   1   1   1   1   1   1   1   1   1   1   1   1   1   1    1    1    1    1    1    1    1    1    1    1    1    1    1    1    1    1    1    1
   40    1   2      0    0    10   1   1   1   1   1   1   1   1   1   1   1   1   1   1   1   1   1   1   1   1   1   1   1   1   1   1   1    1    1    1    1    1    1    1    1    1    1    1    1    1    1    1    1    1    1
   41    1   2      0    0    10   1   1   1   1   1   1   1   1   1   1   1   1   1   1   1   1   1   1   1   1   1   1   1   1   1   1   1    1    1    1    1    1    1    1    1    1    1    1    1    1    1    1    1    1    1
   42    1   2      0    0    10   1   1   1   1   1   1   1   1   1   1   1   1   1   1   1   1   1   1   1   1   1   1   1   1   1   1   1    1    1    1    1    1    1    1    1    1    1    1    1    1    1    1    1    1    1
   43    1   2      0    0    10   1   1   1   1   1   1   1   1   1   1   1   1   1   1   1   1   1   1   1   1   1   1   1   1   1   1   1    1    1    1    1    1    1    1    1    1    1    1    1    1    1    1    1    1    1
   44    1   2      0    0    10   1   1   1   1   1   1   1   1   1   1   1   1   1   1   1   1   1   1   1   1   1   1   1   1   1   1   1    1    1    1    1    1    1    1    1    1    1    1    1    1    1    1    1    1    1
   45    1   2      0    0    10   1   1   1   1   1   1   1   1   1   1   1   1   1   1   1   1   1   1   1   1   1   1   1   1   1   1   1    1    1    1    1    1    1    1    1    1    1    1    1    1    1    1    1    1    1
   46    1   2      0    0    10   1   1   1   1   1   1   1   1   1   1   1   1   1   1   1   1   1   1   1   1   1   1   1   1   1   1   1    1    1    1    1    1    1    1    1    1    1    1    1    1    1    1    1    1    1
   47    1   2      0    0    10   1   1   1   1   1   1   1   1   1   1   1   1   1   1   1   1   1   1   1   1   1   1   1   1   1   1   1    1    1    1    1    1    1    1    1    1    1    1    1    1    1    1    1    1    1
   48    1   2      0    0    10   1   1   1   1   1   1   1   1   1   1   1   1   1   1   1   1   1   1   1   1   1   1   1   1   1   1   1    1    1    1    1    1    1    1    1    1    1    1    1    1    1    1    1    1    1
   49    1   2      0    0    10   1   1   1   1   1   1   1   1   1   1   1   1   1   1   1   1   1   1   1   1   1   1   1   1   1   1   1    1    1    1    1    1    1    1    1    1    1    1    1    1    1    1    1    1    1
   50    1   2      0    0    10   1   1   1   1   1   1   1   1   1   1   1   1   1   1   1   1   1   1   1   1   1   1   1   1   1   1   1    1    1    1    1    1    1    1    1    1    1    1    1    1    1    1    1    1    1
   51    1   2      0    0    10   1   1   1   1   1   1   1   1   1   1   1   1   1   1   1   1   1   1   1   1   1   1   1   1   1   1   1    1    1    1    1    1    1    1    1    1    1    1    1    1    1    1    1    1    1
   52    1   2      0    0    10   1   1   1   1   1   1   1   1   1   1   1   1   1   1   1   1   1   1   1   1   1   1   1   1   1   1   1    1    1    1    1    1    1    1    1    1    1    1    1    1    1    1    1    1    1
   53    1   2      0    0    10   1   1   1   1   1   1   1   1   1   1   1   1   1   1   1   1   1   1   1   1   1   1   1   1   1   1   1    1    1    1    1    1    1    1    1    1    1    1    1    1    1    1    1    1    1
   54    1   2      0    0    10   1   1   1   1   1   1   1   1   1   1   1   1   1   1   1   1   1   1   1   1   1   1   1   1   1   1   1    1    1    1    1    1    1    1    1    1    1    1    1    1    1    1    1    1    1
   55    1   2      0    0    10   1   1   1   1   1   1   1   1   1   1   1   1   1   1   1   1   1   1   1   1   1   1   1   1   1   1   1    1    1    1    1    1    1    1    1    1    1    1    1    1    1    1    1    1    1
   56    1   2      0    0    10   1   1   1   1   1   1   1   1   1   1   1   1   1   1   1   1   1   1   1   1   1   1   1   1   1   1   1    1    1    1    1    1    1    1    1    1    1    1    1    1    1    1    1    1    1
   57    1   2      0    0    10   1   1   1   1   1   1   1   1   1   1   1   1   1   1   1   1   1   1   1   1   1   1   1   1   1   1   1    1    1    1    1    1    1    1    1    1    1    1    1    1    1    1    1    1    1
   58    1   2      0    0    10   1   1   1   1   1   1   1   1   1   1   1   1   1   1   1   1   1   1   1   1   1   1   1   1   1   1   1    1    1    1    1    1    1    1    1    1    1    1    1    1    1    1    1    1    1
   59    1   2      0    0    10   1   1   1   1   1   1   1   1   1   1   1   1   1   1   1   1   1   1   1   1   1   1   1   1   1   1   1    1    1    1    1    1    1    1    1    1    1    1    1    1    1    1    1    1    1
   60    1   2      0    0    10   1   1   1   1   1   1   1   1   1   1   1   1   1   1   1   1   1   1   1   1   1   1   1   1   1   1   1    1    1    1    1    1    1    1    1    1    1    1    1    1    1    1    1    1    1
   61    1   2      0    0    10   1   1   1   1   1   1   1   1   1   1   1   1   1   1   1   1   1   1   1   1   1   1   1   1   1   1   1    1    1    1    1    1    1    1    1    1    1    1    1    1    1    1    1    1    1
   62    1   2      0    0    10   1   1   1   1   1   1   1   1   1   1   1   1   1   1   1   1   1   1   1   1   1   1   1   1   1   1   1    1    1    1    1    1    1    1    1    1    1    1    1    1    1    1    1    1    1
   63    1   2      0    0    10   1   1   1   1   1   1   1   1   1   1   1   1   1   1   1   1   1   1   1   1   1   1   1   1   1   1   1    1    1    1    1    1    1    1    1    1    1    1    1    1    1    1    1    1    1
   64    1   2      0    0    10   1   1   1   1   1   1   1   1   1   1   1   1   1   1   1   1   1   1   1   1   1   1   1   1   1   1   1    1    1    1    1    1    1    1    1    1    1    1    1    1    1    1    1    1    1
   65    1   2      0    0    10   1   1   1   1   1   1   1   1   1   1   1   1   1   1   1   1   1   1   1   1   1   1   1   1   1   1   1    1    1    1    1    1    1    1    1    1    1    1    1    1    1    1    1    1    1
   66    1   2      0    0    10   1   1   1   1   1   1   1   1   1   1   1   1   1   1   1   1   1   1   1   1   1   1   1   1   1   1   1    1    1    1    1    1    1    1    1    1    1    1    1    1    1    1    1    1    1
   67    1   2      0    0    10   1   1   1   1   1   1   1   1   1   1   1   1   1   1   1   1   1   1   1   1   1   1   1   1   1   1   1    1    1    1    1    1    1    1    1    1    1    1    1    1    1    1    1    1    1
   68    1   2      0    0    10   1   1   1   1   1   1   1   1   1   1   1   1   1   1   1   1   1   1   1   1   1   1   1   1   1   1   1    1    1    1    1    1    1    1    1    1    1    1    1    1    1    1    1    1    1
   69    1   2      0    0    10   1   1   1   1   1   1   1   1   1   1   1   1   1   1   1   1   1   1   1   1   1   1   1   1   1   1   1    1    1    1    1    1    1    1    1    1    1    1    1    1    1    1    1    1    1
   70    1   2      0    0    10   1   1   1   1   1   1   1   1   1   1   1   1   1   1   1   1   1   1   1   1   1   1   1   1   1   1   1    1    1    1    1    1    1    1    1    1    1    1    1    1    1    1    1    1    1
   71    1   2      0    0    10   1   1   1   1   1   1   1   1   1   1   1   1   1   1   1   1   1   1   1   1   1   1   1   1   1   1   1    1    1    1    1    1    1    1    1    1    1    1    1    1    1    1    1    1    1
   72    1   2      0    0    10   1   1   1   1   1   1   1   1   1   1   1   1   1   1   1   1   1   1   1   1   1   1   1   1   1   1   1    1    1    1    1    1    1    1    1    1    1    1    1    1    1    1    1    1    1
   73    1   2      0    0    10   1   1   1   1   1   1   1   1   1   1   1   1   1   1   1   1   1   1   1   1   1   1   1   1   1   1   1    1    1    1    1    1    1    1    1    1    1    1    1    1    1    1    1    1    1
   74    1   2      0    0    10   1   1   1   1   1   1   1   1   1   1   1   1   1   1   1   1   1   1   1   1   1   1   1   1   1   1   1    1    1    1    1    1    1    1    1    1    1    1    1    1    1    1    1    1    1
   75    1   2      0    0    10   1   1   1   1   1   1   1   1   1   1   1   1   1   1   1   1   1   1   1   1   1   1   1   1   1   1   1    1    1    1    1    1    1    1    1    1    1    1    1    1    1    1    1    1    1
   76    1   2      0    0    10   1   1   1   1   1   1   1   1   1   1   1   1   1   1   1   1   1   1   1   1   1   1   1   1   1   1   1    1    1    1    1    1    1    1    1    1    1    1    1    1    1    1    1    1    1
   77    1   2      0    0    10   1   1   1   1   1   1   1   1   1   1   1   1   1   1   1   1   1   1   1   1   1   1   1   1   1   1   1    1    1    1    1    1    1    1    1    1    1    1    1    1    1    1    1    1    1
   78    1   2      0    0    10   1   1   1   1   1   1   1   1   1   1   1   1   1   1   1   1   1   1   1   1   1   1   1   1   1   1   1    1    1    1    1    1    1    1    1    1    1    1    1    1    1    1    1    1    1
   79    1   2      0    0    10   1   1   1   1   1   1   1   1   1   1   1   1   1   1   1   1   1   1   1   1   1   1   1   1   1   1   1    1    1    1    1    1    1    1    1    1    1    1    1    1    1    1    1    1    1
   80    1   2      0    0    10   1   1   1   1   1   1   1   1   1   1   1   1   1   1   1   1   1   1   1   1   1   1   1   1   1   1   1    1    1    1    1    1    1    1    1    1    1    1    1    1    1    1    1    1    1
25 #_N_agebins
#_agebin_vector
1 2 3 4 5 6 7 8 9 10 11 12 13 14 15 16 17 18 19 20 21 22 23 24 25
1 #_N_ageerror_definitions
 #_age0   age1   age2   age3   age4   age5   age6   age7   age8   age9  age10  age11  age12  age13  age14  age15  age16  age17  age18  age19  age20  age21  age22  age23  age24  age25
 -1.000 -1.000 -1.000 -1.000 -1.000 -1.000 -1.000 -1.000 -1.000 -1.000 -1.000 -1.000 -1.000 -1.000 -1.000 -1.000 -1.000 -1.000 -1.000 -1.000 -1.000 -1.000 -1.000 -1.000 -1.000 -1.000
  0.001  0.001  0.001  0.001  0.001  0.001  0.001  0.001  0.001  0.001  0.001  0.001  0.001  0.001  0.001  0.001  0.001  0.001  0.001  0.001  0.001  0.001  0.001  0.001  0.001  0.001
55 #_N_agecomp
3 #_Lbin_method: 1=poplenbins; 2=datalenbins; 3=lengths
0 #_combine males into females at or below this bin number
 #_Yr Seas Flt Gender Part AgeErr Lbin_lo Lbin_hi Nsamp a1 a2 a3 a4 a5 a6 a7 a8 a9 a10 a11 a12 a13 a14 a15 a16 a17 a18 a19 a20 a21 a22 a23 a24 a25
   26    1   2      0    0      1      -1      -1    25  1  1  1  1  1  1  1  1  1   1   1   1   1   1   1   1   1   1   1   1   1   1   1   1   1
   27    1   2      0    0      1      -1      -1    25  1  1  1  1  1  1  1  1  1   1   1   1   1   1   1   1   1   1   1   1   1   1   1   1   1
   28    1   2      0    0      1      -1      -1    25  1  1  1  1  1  1  1  1  1   1   1   1   1   1   1   1   1   1   1   1   1   1   1   1   1
   29    1   2      0    0      1      -1      -1    25  1  1  1  1  1  1  1  1  1   1   1   1   1   1   1   1   1   1   1   1   1   1   1   1   1
   30    1   2      0    0      1      -1      -1    25  1  1  1  1  1  1  1  1  1   1   1   1   1   1   1   1   1   1   1   1   1   1   1   1   1
   31    1   2      0    0      1      -1      -1    25  1  1  1  1  1  1  1  1  1   1   1   1   1   1   1   1   1   1   1   1   1   1   1   1   1
   32    1   2      0    0      1      -1      -1    25  1  1  1  1  1  1  1  1  1   1   1   1   1   1   1   1   1   1   1   1   1   1   1   1   1
   33    1   2      0    0      1      -1      -1    25  1  1  1  1  1  1  1  1  1   1   1   1   1   1   1   1   1   1   1   1   1   1   1   1   1
   34    1   2      0    0      1      -1      -1    25  1  1  1  1  1  1  1  1  1   1   1   1   1   1   1   1   1   1   1   1   1   1   1   1   1
   35    1   2      0    0      1      -1      -1    25  1  1  1  1  1  1  1  1  1   1   1   1   1   1   1   1   1   1   1   1   1   1   1   1   1
   36    1   2      0    0      1      -1      -1    25  1  1  1  1  1  1  1  1  1   1   1   1   1   1   1   1   1   1   1   1   1   1   1   1   1
   37    1   2      0    0      1      -1      -1    25  1  1  1  1  1  1  1  1  1   1   1   1   1   1   1   1   1   1   1   1   1   1   1   1   1
   38    1   2      0    0      1      -1      -1    25  1  1  1  1  1  1  1  1  1   1   1   1   1   1   1   1   1   1   1   1   1   1   1   1   1
   39    1   2      0    0      1      -1      -1    25  1  1  1  1  1  1  1  1  1   1   1   1   1   1   1   1   1   1   1   1   1   1   1   1   1
   40    1   2      0    0      1      -1      -1    25  1  1  1  1  1  1  1  1  1   1   1   1   1   1   1   1   1   1   1   1   1   1   1   1   1
   41    1   2      0    0      1      -1      -1    25  1  1  1  1  1  1  1  1  1   1   1   1   1   1   1   1   1   1   1   1   1   1   1   1   1
   42    1   2      0    0      1      -1      -1    25  1  1  1  1  1  1  1  1  1   1   1   1   1   1   1   1   1   1   1   1   1   1   1   1   1
   43    1   2      0    0      1      -1      -1    25  1  1  1  1  1  1  1  1  1   1   1   1   1   1   1   1   1   1   1   1   1   1   1   1   1
   44    1   2      0    0      1      -1      -1    25  1  1  1  1  1  1  1  1  1   1   1   1   1   1   1   1   1   1   1   1   1   1   1   1   1
   45    1   2      0    0      1      -1      -1    25  1  1  1  1  1  1  1  1  1   1   1   1   1   1   1   1   1   1   1   1   1   1   1   1   1
   46    1   2      0    0      1      -1      -1    25  1  1  1  1  1  1  1  1  1   1   1   1   1   1   1   1   1   1   1   1   1   1   1   1   1
   47    1   2      0    0      1      -1      -1    25  1  1  1  1  1  1  1  1  1   1   1   1   1   1   1   1   1   1   1   1   1   1   1   1   1
   48    1   2      0    0      1      -1      -1    25  1  1  1  1  1  1  1  1  1   1   1   1   1   1   1   1   1   1   1   1   1   1   1   1   1
   49    1   2      0    0      1      -1      -1    25  1  1  1  1  1  1  1  1  1   1   1   1   1   1   1   1   1   1   1   1   1   1   1   1   1
   50    1   2      0    0      1      -1      -1    25  1  1  1  1  1  1  1  1  1   1   1   1   1   1   1   1   1   1   1   1   1   1   1   1   1
   51    1   2      0    0      1      -1      -1    25  1  1  1  1  1  1  1  1  1   1   1   1   1   1   1   1   1   1   1   1   1   1   1   1   1
   52    1   2      0    0      1      -1      -1    25  1  1  1  1  1  1  1  1  1   1   1   1   1   1   1   1   1   1   1   1   1   1   1   1   1
   53    1   2      0    0      1      -1      -1    25  1  1  1  1  1  1  1  1  1   1   1   1   1   1   1   1   1   1   1   1   1   1   1   1   1
   54    1   2      0    0      1      -1      -1    25  1  1  1  1  1  1  1  1  1   1   1   1   1   1   1   1   1   1   1   1   1   1   1   1   1
   55    1   2      0    0      1      -1      -1    25  1  1  1  1  1  1  1  1  1   1   1   1   1   1   1   1   1   1   1   1   1   1   1   1   1
   56    1   2      0    0      1      -1      -1    25  1  1  1  1  1  1  1  1  1   1   1   1   1   1   1   1   1   1   1   1   1   1   1   1   1
   57    1   2      0    0      1      -1      -1    25  1  1  1  1  1  1  1  1  1   1   1   1   1   1   1   1   1   1   1   1   1   1   1   1   1
   58    1   2      0    0      1      -1      -1    25  1  1  1  1  1  1  1  1  1   1   1   1   1   1   1   1   1   1   1   1   1   1   1   1   1
   59    1   2      0    0      1      -1      -1    25  1  1  1  1  1  1  1  1  1   1   1   1   1   1   1   1   1   1   1   1   1   1   1   1   1
   60    1   2      0    0      1      -1      -1    25  1  1  1  1  1  1  1  1  1   1   1   1   1   1   1   1   1   1   1   1   1   1   1   1   1
   61    1   2      0    0      1      -1      -1    25  1  1  1  1  1  1  1  1  1   1   1   1   1   1   1   1   1   1   1   1   1   1   1   1   1
   62    1   2      0    0      1      -1      -1    25  1  1  1  1  1  1  1  1  1   1   1   1   1   1   1   1   1   1   1   1   1   1   1   1   1
   63    1   2      0    0      1      -1      -1    25  1  1  1  1  1  1  1  1  1   1   1   1   1   1   1   1   1   1   1   1   1   1   1   1   1
   64    1   2      0    0      1      -1      -1    25  1  1  1  1  1  1  1  1  1   1   1   1   1   1   1   1   1   1   1   1   1   1   1   1   1
   65    1   2      0    0      1      -1      -1    25  1  1  1  1  1  1  1  1  1   1   1   1   1   1   1   1   1   1   1   1   1   1   1   1   1
   66    1   2      0    0      1      -1      -1    25  1  1  1  1  1  1  1  1  1   1   1   1   1   1   1   1   1   1   1   1   1   1   1   1   1
   67    1   2      0    0      1      -1      -1    25  1  1  1  1  1  1  1  1  1   1   1   1   1   1   1   1   1   1   1   1   1   1   1   1   1
   68    1   2      0    0      1      -1      -1    25  1  1  1  1  1  1  1  1  1   1   1   1   1   1   1   1   1   1   1   1   1   1   1   1   1
   69    1   2      0    0      1      -1      -1    25  1  1  1  1  1  1  1  1  1   1   1   1   1   1   1   1   1   1   1   1   1   1   1   1   1
   70    1   2      0    0      1      -1      -1    25  1  1  1  1  1  1  1  1  1   1   1   1   1   1   1   1   1   1   1   1   1   1   1   1   1
   71    1   2      0    0      1      -1      -1    25  1  1  1  1  1  1  1  1  1   1   1   1   1   1   1   1   1   1   1   1   1   1   1   1   1
   72    1   2      0    0      1      -1      -1    25  1  1  1  1  1  1  1  1  1   1   1   1   1   1   1   1   1   1   1   1   1   1   1   1   1
   73    1   2      0    0      1      -1      -1    25  1  1  1  1  1  1  1  1  1   1   1   1   1   1   1   1   1   1   1   1   1   1   1   1   1
   74    1   2      0    0      1      -1      -1    25  1  1  1  1  1  1  1  1  1   1   1   1   1   1   1   1   1   1   1   1   1   1   1   1   1
   75    1   2      0    0      1      -1      -1    25  1  1  1  1  1  1  1  1  1   1   1   1   1   1   1   1   1   1   1   1   1   1   1   1   1
   76    1   2      0    0      1      -1      -1    25  1  1  1  1  1  1  1  1  1   1   1   1   1   1   1   1   1   1   1   1   1   1   1   1   1
   77    1   2      0    0      1      -1      -1    25  1  1  1  1  1  1  1  1  1   1   1   1   1   1   1   1   1   1   1   1   1   1   1   1   1
   78    1   2      0    0      1      -1      -1    25  1  1  1  1  1  1  1  1  1   1   1   1   1   1   1   1   1   1   1   1   1   1   1   1   1
   79    1   2      0    0      1      -1      -1    25  1  1  1  1  1  1  1  1  1   1   1   1   1   1   1   1   1   1   1   1   1   1   1   1   1
   80    1   2      0    0      1      -1      -1    25  1  1  1  1  1  1  1  1  1   1   1   1   1   1   1   1   1   1   1   1   1   1   1   1   1
0 #_N_MeanSize_at_Age_obs
0 #_N_environ_variables
0 #_N_environ_obs
0 #_N_sizefreq_methods
0 #_do_tags
0 #_morphcomp_data
#
999
